species_code,score,start_offset_sec,end_offset_sec
bird1,0.9991207,0.0,3.0
mallar3,0.14622703,0.0,3.0
sora,0.015658114,0.0,3.0
comgal1,0.049140602,0.0,3.0
sonspa,0.65279645,0.0,3.0
swaspa,0.03641329,0.0,3.0
spotow,0.011513672,0.0,3.0
yebcha,0.012376257,0.0,3.0
rewbla,0.3234814,0.0,3.0
comyel,0.9313598,0.0,3.0
yelwar,0.01270611,0.0,3.0
norcar,0.013134176,0.0,3.0
bird1,0.9999054,1.0,4.0
cangoo,0.014745682,1.0,4.0
gadwal,0.026437784,1.0,4.0
mallar3,0.043492258,1.0,4.0
sora,0.015695035,1.0,4.0
comgal1,0.035777017,1.0,4.0
eursta,0.0144405905,1.0,4.0
sonspa,0.97834605,1.0,4.0
swaspa,0.010273663,1.0,4.0
yebcha,0.01299646,1.0,4.0
rewbla,0.6225369,1.0,4.0
comgra,0.011288559,1.0,4.0
comyel,0.9776998,1.0,4.0
yelwar,0.021816814,1.0,4.0
norcar,0.0104753915,1.0,4.0
bird1,0.99992514,2.0,5.0
sora,0.043276533,2.0,5.0
comgal1,0.01338538,2.0,5.0
grekis,0.010405579,2.0,5.0
chivir1,0.019995166,2.0,5.0
houwre4,0.010420413,2.0,5.0
sonspa,0.99194634,2.0,5.0
rewbla,0.40582183,2.0,5.0
comyel,0.9125033,2.0,5.0
yelwar,0.012248253,2.0,5.0
norcar,0.018560302,2.0,5.0
bird1,0.999868,3.0,6.0
cangoo,0.029566975,3.0,6.0
comgal1,0.01398644,3.0,6.0
eursta,0.03049681,3.0,6.0
grycat,0.025505336,3.0,6.0
amerob,0.016367573,3.0,6.0
chispa,0.05912587,3.0,6.0
sonspa,0.9961384,3.0,6.0
swaspa,0.0112183755,3.0,6.0
rewbla,0.79049677,3.0,6.0
comgra,0.022836465,3.0,6.0
comyel,0.023609977,3.0,6.0
yelwar,0.010703822,3.0,6.0
norcar,0.031018287,3.0,6.0
indbun,0.01766504,3.0,6.0
bird1,0.9996127,4.0,7.0
cangoo,0.026773624,4.0,7.0
mallar3,0.017436715,4.0,7.0
comgal1,0.018802017,4.0,7.0
eursta,0.012535479,4.0,7.0
grycat,0.01374949,4.0,7.0
amegfi,0.013973019,4.0,7.0
vesspa,0.015082981,4.0,7.0
sonspa,0.9861735,4.0,7.0
yebcha,0.062018603,4.0,7.0
rewbla,0.8403701,4.0,7.0
comgra,0.045409065,4.0,7.0
comyel,0.09706787,4.0,7.0
yelwar,0.015800305,4.0,7.0
norcar,0.014850788,4.0,7.0
indbun,0.17696783,4.0,7.0
bird1,0.9989698,5.0,8.0
cangoo,0.01343968,5.0,8.0
mallar3,0.22684619,5.0,8.0
amegfi,0.01951419,5.0,8.0
fiespa,0.018183513,5.0,8.0
vesspa,0.015786191,5.0,8.0
sonspa,0.85433877,5.0,8.0
swaspa,0.14390016,5.0,8.0
yebcha,0.07683316,5.0,8.0
boboli,0.020173538,5.0,8.0
rewbla,0.18159357,5.0,8.0
comgra,0.01555188,5.0,8.0
comyel,0.043964785,5.0,8.0
yelwar,0.018880548,5.0,8.0
norcar,0.013902235,5.0,8.0
indbun,0.13845433,5.0,8.0
bird1,0.99949545,6.0,9.0
gadwal,0.010316202,6.0,9.0
mallar3,0.110003635,6.0,9.0
lotduc,0.015278114,6.0,9.0
clarai11,0.0106626125,6.0,9.0
retloo,0.012139558,6.0,9.0
grycat,0.013828217,6.0,9.0
amegfi,0.014998537,6.0,9.0
fiespa,0.013408673,6.0,9.0
rucspa1,0.010700813,6.0,9.0
sonspa,0.098658174,6.0,9.0
swaspa,0.06593508,6.0,9.0
yebcha,0.20571864,6.0,9.0
rewbla,0.73271257,6.0,9.0
comyel,0.10611841,6.0,9.0
yelwar,0.027320825,6.0,9.0
norcar,0.012892486,6.0,9.0
indbun,0.85672003,6.0,9.0
saffin,0.010864298,6.0,9.0
bird1,0.9994376,7.0,10.0
mallar3,0.110637605,7.0,10.0
lotduc,0.1262424,7.0,10.0
comgal1,0.01275825,7.0,10.0
wilfly,0.9926358,7.0,10.0
sedwre1,0.010110793,7.0,10.0
marwre,0.021457897,7.0,10.0
eurbla,0.01141221,7.0,10.0
amerob,0.011520458,7.0,10.0
fiespa,0.035314124,7.0,10.0
sonspa,0.16108388,7.0,10.0
swaspa,0.33320805,7.0,10.0
yebcha,0.03485829,7.0,10.0
rewbla,0.7992367,7.0,10.0
comyel,0.08223587,7.0,10.0
yelwar,0.1430462,7.0,10.0
norcar,0.01373239,7.0,10.0
bird1,0.9999366,8.0,11.0
gadwal,0.02453739,8.0,11.0
mallar3,0.46872792,8.0,11.0
lotduc,0.044537224,8.0,11.0
comgal1,0.044429548,8.0,11.0
aldfly,0.018845169,8.0,11.0
wilfly,0.946562,8.0,11.0
sonspa,0.20580003,8.0,11.0
swaspa,0.011328228,8.0,11.0
rewbla,0.98344916,8.0,11.0
comyel,0.06367531,8.0,11.0
yelwar,0.6371176,8.0,11.0
bird1,0.9999615,9.0,12.0
gadwal,0.029045848,9.0,12.0
mallar3,0.74640644,9.0,12.0
norpin,0.023341186,9.0,12.0
comgal1,0.046844013,9.0,12.0
y00475,0.012687933,9.0,12.0
aldfly,0.020474745,9.0,12.0
wilfly,0.92906517,9.0,12.0
sedwre1,0.020068483,9.0,12.0
marwre,0.014418313,9.0,12.0
amerob,0.011940152,9.0,12.0
sonspa,0.044064153,9.0,12.0
swaspa,0.014031669,9.0,12.0
rewbla,0.9800507,9.0,12.0
comyel,0.96927154,9.0,12.0
yelwar,0.6260028,9.0,12.0
bird1,0.99999124,10.0,13.0
gadwal,0.022088839,10.0,13.0
mallar3,0.9087707,10.0,13.0
norpin,0.023888955,10.0,13.0
comgal1,0.034509968,10.0,13.0
wilfly,0.042583168,10.0,13.0
sedwre1,0.017891794,10.0,13.0
marwre,0.010883381,10.0,13.0
amegfi,0.013052092,10.0,13.0
sonspa,0.013727335,10.0,13.0
swaspa,0.020426454,10.0,13.0
rewbla,0.99431205,10.0,13.0
comyel,0.96098113,10.0,13.0
yelwar,0.34241876,10.0,13.0
bird1,0.9990199,11.0,14.0
gadwal,0.0126144625,11.0,14.0
mallar3,0.589824,11.0,14.0
norpin,0.010059603,11.0,14.0
ribgul,0.03090813,11.0,14.0
amhgul1,0.016839687,11.0,14.0
aldfly,0.012756563,11.0,14.0
wilfly,0.09276275,11.0,14.0
sedwre1,0.010551365,11.0,14.0
marwre,0.014725349,11.0,14.0
grycat,0.015824644,11.0,14.0
amerob,0.015722426,11.0,14.0
indrob1,0.011774979,11.0,14.0
amegfi,0.040186204,11.0,14.0
sonspa,0.09438804,11.0,14.0
rewbla,0.6545864,11.0,14.0
comyel,0.95847756,11.0,14.0
yelwar,0.10272771,11.0,14.0
bird1,0.9999786,12.0,15.0
gadwal,0.012703329,12.0,15.0
mallar3,0.26574862,12.0,15.0
aldfly,0.011673925,12.0,15.0
wilfly,0.33489585,12.0,15.0
marwre,0.012821763,12.0,15.0
amerob,0.015180164,12.0,15.0
amegfi,0.03434131,12.0,15.0
chispa,0.012804351,12.0,15.0
sonspa,0.9926708,12.0,15.0
yebcha,0.011167922,12.0,15.0
rewbla,0.5974792,12.0,15.0
comyel,0.9627452,12.0,15.0
yelwar,0.12845391,12.0,15.0
norcar,0.018061291,12.0,15.0
bird1,0.99997205,13.0,16.0
mallar3,0.12470741,13.0,16.0
y00475,0.011756905,13.0,16.0
amerob,0.013571352,13.0,16.0
amegfi,0.012720475,13.0,16.0
sonspa,0.998456,13.0,16.0
rewbla,0.10165914,13.0,16.0
comyel,0.08281374,13.0,16.0
yelwar,0.041552518,13.0,16.0
bird1,0.99997497,14.0,17.0
mallar3,0.15286888,14.0,17.0
comgal1,0.031165708,14.0,17.0
bknsti,0.11218138,14.0,17.0
gubter2,0.016656032,14.0,17.0
normoc,0.019913608,14.0,17.0
houspa,0.010480395,14.0,17.0
sonspa,0.9901076,14.0,17.0
rewbla,0.082077704,14.0,17.0
comyel,0.014763121,14.0,17.0
yelwar,0.021156073,14.0,17.0
norcar,0.01683806,14.0,17.0
bird1,0.9998329,15.0,18.0
comgal1,0.09462566,15.0,18.0
bknsti,0.02294763,15.0,18.0
laugul,0.038343616,15.0,18.0
eursta,0.3104517,15.0,18.0
cedwax,0.011901675,15.0,18.0
chispa,0.31961808,15.0,18.0
sonspa,0.97292787,15.0,18.0
swaspa,0.012707008,15.0,18.0
rewbla,0.03307883,15.0,18.0
norcar,0.017954921,15.0,18.0
indbun,0.08324209,15.0,18.0
bird1,0.9998329,16.0,19.0
cangoo,0.018243741,16.0,19.0
comgal1,0.088419914,16.0,19.0
bknsti,0.030526657,16.0,19.0
bklkit,0.023074038,16.0,19.0
laugul,0.018309906,16.0,19.0
eursta,0.35205677,16.0,19.0
yeejun,0.016508492,16.0,19.0
vesspa,0.015671862,16.0,19.0
sonspa,0.95482624,16.0,19.0
rewbla,0.822975,16.0,19.0
comyel,0.014078909,16.0,19.0
yelwar,0.0258443,16.0,19.0
norcar,0.011912203,16.0,19.0
indbun,0.2157467,16.0,19.0
bird1,0.99896395,17.0,20.0
calqua,0.028023465,17.0,20.0
comgal1,0.045455877,17.0,20.0
bknsti,0.033012155,17.0,20.0
bewwre,0.022952015,17.0,20.0
eursta,0.044140983,17.0,20.0
cedwax,0.024953397,17.0,20.0
houfin,0.016700529,17.0,20.0
larspa,0.06666111,17.0,20.0
foxspa,0.016426105,17.0,20.0
sonspa,0.49860305,17.0,20.0
yebcha,0.010829896,17.0,20.0
boboli,0.010992177,17.0,20.0
rewbla,0.81482095,17.0,20.0
comyel,0.01325292,17.0,20.0
yelwar,0.05896094,17.0,20.0
blugrb1,0.024470074,17.0,20.0
lazbun,0.016959922,17.0,20.0
indbun,0.37049142,17.0,20.0
bird1,0.99907404,18.0,21.0
cangoo,0.010976554,18.0,21.0
whbnut,0.013456907,18.0,21.0
sedwre1,0.013505186,18.0,21.0
houspa,0.01040635,18.0,21.0
amepip,0.029389793,18.0,21.0
rucspa1,0.015290222,18.0,21.0
sonspa,0.12988865,18.0,21.0
swaspa,0.75168604,18.0,21.0
boboli,0.032499846,18.0,21.0
rewbla,0.9187331,18.0,21.0
comyel,0.029478714,18.0,21.0
yelwar,0.14415377,18.0,21.0
norcar,0.010018744,18.0,21.0
bird1,0.9997007,19.0,22.0
wilsni1,0.02090533,19.0,22.0
wilfly,0.01571839,19.0,22.0
bkcchi,0.010069043,19.0,22.0
barswa,0.015415047,19.0,22.0
houspa,0.0115357265,19.0,22.0
amegfi,0.016064279,19.0,22.0
sonspa,0.091582276,19.0,22.0
swaspa,0.8863866,19.0,22.0
rewbla,0.9594823,19.0,22.0
comgra,0.05499187,19.0,22.0
comyel,0.050437678,19.0,22.0
yelwar,0.13910693,19.0,22.0
norcar,0.012208242,19.0,22.0
bird1,0.99982184,20.0,23.0
cangoo,0.03024735,20.0,23.0
gamqua,0.01004579,20.0,23.0
wilfly,0.012239806,20.0,23.0
sedwre1,0.0126584405,20.0,23.0
amerob,0.017963585,20.0,23.0
cedwax,0.16104451,20.0,23.0
houfin,0.012844689,20.0,23.0
amegfi,0.010917723,20.0,23.0
rucspa1,0.011863815,20.0,23.0
sonspa,0.077396244,20.0,23.0
swaspa,0.84879565,20.0,23.0
rewbla,0.88013834,20.0,23.0
comgra,0.18635589,20.0,23.0
comyel,0.95974183,20.0,23.0
yelwar,0.061691266,20.0,23.0
bird1,0.99982363,21.0,24.0
cangoo,0.020438345,21.0,24.0
wilsni1,0.012407314,21.0,24.0
amebit,0.011120949,21.0,24.0
wilfly,0.023050606,21.0,24.0
amerob,0.012933646,21.0,24.0
cedwax,0.11809919,21.0,24.0
amegfi,0.0120606525,21.0,24.0
sonspa,0.07753044,21.0,24.0
swaspa,0.88833296,21.0,24.0
rewbla,0.9288561,21.0,24.0
comgra,0.032924723,21.0,24.0
comyel,0.9867037,21.0,24.0
yelwar,0.7210696,21.0,24.0
bird1,0.99990326,22.0,25.0
cangoo,0.021862973,22.0,25.0
comgal1,0.014507644,22.0,25.0
pibgre,0.010621688,22.0,25.0
wilfly,0.024411602,22.0,25.0
cedwax,0.06650775,22.0,25.0
sonspa,0.06081235,22.0,25.0
swaspa,0.31421632,22.0,25.0
rewbla,0.98638314,22.0,25.0
comgra,0.029424505,22.0,25.0
comyel,0.97846353,22.0,25.0
yelwar,0.96408534,22.0,25.0
bird1,0.99996257,23.0,26.0
mallar3,0.015704056,23.0,26.0
grycat,0.010314008,23.0,26.0
amegfi,0.014231159,23.0,26.0
sonspa,0.7131074,23.0,26.0
yebcha,0.011974833,23.0,26.0
rewbla,0.9672805,23.0,26.0
comgra,0.010680977,23.0,26.0
comyel,0.9968153,23.0,26.0
yelwar,0.9364406,23.0,26.0
indbun,0.025048299,23.0,26.0
bird1,0.99991924,24.0,27.0
cangoo,0.02532911,24.0,27.0
mallar3,0.022438178,24.0,27.0
sposan,0.01782682,24.0,27.0
wilfly,0.010108164,24.0,27.0
eursta,0.010620145,24.0,27.0
amegfi,0.023197448,24.0,27.0
sonspa,0.97680676,24.0,27.0
rewbla,0.9409054,24.0,27.0
comgra,0.088432625,24.0,27.0
comyel,0.20834668,24.0,27.0
yelwar,0.9727996,24.0,27.0
norcar,0.01425076,24.0,27.0
lazbun,0.025464967,24.0,27.0
indbun,0.031980693,24.0,27.0
bird1,0.9998484,25.0,28.0
cangoo,0.061328005,25.0,28.0
comgal1,0.012857416,25.0,28.0
sposan,0.01843857,25.0,28.0
eursta,0.013745655,25.0,28.0
houfin,0.012335404,25.0,28.0
amegfi,0.014383628,25.0,28.0
amtspa,0.016689187,25.0,28.0
sonspa,0.9757849,25.0,28.0
rewbla,0.9632491,25.0,28.0
comgra,0.26802194,25.0,28.0
comyel,0.03404076,25.0,28.0
yelwar,0.011589921,25.0,28.0
indbun,0.060310274,25.0,28.0
bird1,0.9997584,26.0,29.0
compea,0.0100888,26.0,29.0
comgal1,0.016684689,26.0,29.0
sonspa,0.9906362,26.0,29.0
rewbla,0.3081058,26.0,29.0
comgra,0.04904828,26.0,29.0
comyel,0.23417443,26.0,29.0
yelwar,0.010998819,26.0,29.0
norcar,0.012622673,26.0,29.0
indbun,0.024945622,26.0,29.0
bird1,0.99978393,27.0,30.0
cangoo,0.016938455,27.0,30.0
houwre,0.010810522,27.0,30.0
eursta,0.010840321,27.0,30.0
amerob,0.011254162,27.0,30.0
houspa,0.010133543,27.0,30.0
amegfi,0.012361015,27.0,30.0
foxspa,0.014384911,27.0,30.0
seaspa,0.014363132,27.0,30.0
sonspa,0.9925922,27.0,30.0
cantow,0.012235113,27.0,30.0
rewbla,0.22961761,27.0,30.0
comgra,0.027592799,27.0,30.0
yelwar,0.010332111,27.0,30.0
norcar,0.01592466,27.0,30.0
bird1,0.99987966,28.0,31.0
cangoo,0.034250326,28.0,31.0
amecro,0.067904316,28.0,31.0
houwre4,0.010256116,28.0,31.0
bewwre,0.032473706,28.0,31.0
eursta,0.039392687,28.0,31.0
amerob,0.011329958,28.0,31.0
houspa,0.03736464,28.0,31.0
houfin,0.060135487,28.0,31.0
sonspa,0.94997495,28.0,31.0
swaspa,0.01943355,28.0,31.0
cantow,0.076134406,28.0,31.0
rewbla,0.871076,28.0,31.0
comgra,0.06760737,28.0,31.0
norcar,0.020329906,28.0,31.0
bird1,0.99991876,29.0,32.0
asikoe2,0.023987291,29.0,32.0
virrai,0.011471613,29.0,32.0
comgal1,0.4318013,29.0,32.0
y00475,0.02753015,29.0,32.0
wilfly,0.011957785,29.0,32.0
grekis,0.01071257,29.0,32.0
amecro,0.011985597,29.0,32.0
houwre4,0.012831321,29.0,32.0
eursta,0.010045519,29.0,32.0
sonspa,0.9149549,29.0,32.0
swaspa,0.8801258,29.0,32.0
rewbla,0.92561096,29.0,32.0
comgra,0.011246506,29.0,32.0
comyel,0.013695524,29.0,32.0
norcar,0.0134646585,29.0,32.0
bird1,0.9999372,30.0,33.0
virrai,0.010063877,30.0,33.0
comgal1,0.25079444,30.0,33.0
wilsni1,0.010283802,30.0,33.0
amecro,0.028914507,30.0,33.0
houspa,0.010002279,30.0,33.0
sonspa,0.7344303,30.0,33.0
swaspa,0.97540444,30.0,33.0
rewbla,0.7272679,30.0,33.0
comyel,0.014139054,30.0,33.0
norcar,0.0179786,30.0,33.0
bird1,0.9996955,31.0,34.0
asikoe2,0.017074285,31.0,34.0
virrai,0.016875708,31.0,34.0
comgal1,0.30937096,31.0,34.0
amebit,0.025466995,31.0,34.0
rucspa1,0.012141873,31.0,34.0
swaspa,0.9573369,31.0,34.0
rewbla,0.93953764,31.0,34.0
comyel,0.66387266,31.0,34.0
yelwar,0.01680349,31.0,34.0
bird1,0.99980325,32.0,35.0
yelrai,0.013716545,32.0,35.0
wilsni1,0.024391523,32.0,35.0
amebit,0.015736645,32.0,35.0
sonspa,0.0974732,32.0,35.0
swaspa,0.95866007,32.0,35.0
rewbla,0.9655986,32.0,35.0
comgra,0.018102616,32.0,35.0
comyel,0.86334646,32.0,35.0
yelwar,0.015588258,32.0,35.0
bird1,0.9998568,33.0,36.0
wilsni1,0.016786315,33.0,36.0
amebit,0.027790593,33.0,36.0
wilfly,0.016811464,33.0,36.0
sedwre1,0.017824179,33.0,36.0
sonspa,0.11529284,33.0,36.0
swaspa,0.9817855,33.0,36.0
rewbla,0.768919,33.0,36.0
comyel,0.97914654,33.0,36.0
yelwar,0.72470146,33.0,36.0
norcar,0.013503916,33.0,36.0
bird1,0.99940157,34.0,37.0
amebit,0.01123543,34.0,37.0
wilfly,0.010492129,34.0,37.0
sedwre1,0.014841859,34.0,37.0
amegfi,0.016280912,34.0,37.0
sonspa,0.23186556,34.0,37.0
swaspa,0.64528275,34.0,37.0
rewbla,0.79472774,34.0,37.0
comgra,0.021280607,34.0,37.0
comyel,0.94981253,34.0,37.0
yelwar,0.9016795,34.0,37.0
norcar,0.051571786,34.0,37.0
bird1,0.99976504,35.0,38.0
rufgro,0.012701016,35.0,38.0
wilsni1,0.010921703,35.0,38.0
warvir,0.012449144,35.0,38.0
amecro,0.925195,35.0,38.0
eurbla,0.010155892,35.0,38.0
amerob,0.018274998,35.0,38.0
amegfi,0.0110554965,35.0,38.0
sonspa,0.17766868,35.0,38.0
swaspa,0.5601749,35.0,38.0
rewbla,0.8158254,35.0,38.0
comgra,0.011555089,35.0,38.0
comyel,0.26404595,35.0,38.0
yelwar,0.87952447,35.0,38.0
gcrwar,0.043319624,35.0,38.0
norcar,0.09382491,35.0,38.0
bird1,0.999528,36.0,39.0
comeid,0.012088661,36.0,39.0
reevir1,0.02122198,36.0,39.0
blujay,0.025545616,36.0,39.0
amecro,0.9790495,36.0,39.0
amerob,0.023508742,36.0,39.0
spofly1,0.011359498,36.0,39.0
cedwax,0.5614982,36.0,39.0
amegfi,0.01678823,36.0,39.0
sonspa,0.117233485,36.0,39.0
swaspa,0.18816215,36.0,39.0
rewbla,0.82966083,36.0,39.0
comgra,0.010261772,36.0,39.0
comyel,0.03443303,36.0,39.0
yelwar,0.018416898,36.0,39.0
gcrwar,0.025110722,36.0,39.0
norcar,0.15535149,36.0,39.0
bird1,0.9999845,37.0,40.0
reevir1,0.011750945,37.0,40.0
amecro,0.9675616,37.0,40.0
amerob,0.028109217,37.0,40.0
cedwax,0.087365404,37.0,40.0
sonspa,0.9879861,37.0,40.0
rewbla,0.98825616,37.0,40.0
norcar,0.01820391,37.0,40.0
bird1,0.99996394,38.0,41.0
reevir1,0.017688736,38.0,41.0
amecro,0.97215086,38.0,41.0
eursta,0.03869068,38.0,41.0
amerob,0.032904133,38.0,41.0
cedwax,0.25161263,38.0,41.0
houfin,0.014271869,38.0,41.0
amegfi,0.013374452,38.0,41.0
sonspa,0.98985535,38.0,41.0
rewbla,0.92657316,38.0,41.0
comgra,0.012535379,38.0,41.0
bird1,0.9999368,39.0,42.0
cangoo,0.034984626,39.0,42.0
wilsni1,0.010508593,39.0,42.0
amecro,0.06461678,39.0,42.0
amerob,0.017046252,39.0,42.0
houfin,0.01610215,39.0,42.0
sonspa,0.9971053,39.0,42.0
rewbla,0.9579902,39.0,42.0
comgra,0.021628195,39.0,42.0
norcar,0.015270045,39.0,42.0
bird1,0.99991286,40.0,43.0
grycat,0.010281307,40.0,43.0
amerob,0.0115600405,40.0,43.0
cedwax,0.010193493,40.0,43.0
houfin,0.011004864,40.0,43.0
amegfi,0.078289814,40.0,43.0
chispa,0.031789202,40.0,43.0
sonspa,0.9918496,40.0,43.0
rewbla,0.06864557,40.0,43.0
comyel,0.9903679,40.0,43.0
yelwar,0.010949328,40.0,43.0
norcar,0.027100462,40.0,43.0
bird1,0.9999507,41.0,44.0
amebit,0.021630984,41.0,44.0
wilfly,0.016370798,41.0,44.0
amerob,0.014778436,41.0,44.0
cedwax,0.0122097945,41.0,44.0
amegfi,0.013845525,41.0,44.0
sonspa,0.9737067,41.0,44.0
rewbla,0.68351495,41.0,44.0
comyel,0.9976209,41.0,44.0
yelwar,0.016599614,41.0,44.0
norcar,0.02591286,41.0,44.0
bird1,0.99959946,42.0,45.0
reevir1,0.030343419,42.0,45.0
grycat,0.014046962,42.0,45.0
amerob,0.24885723,42.0,45.0
cedwax,0.035738725,42.0,45.0
amegfi,0.40662,42.0,45.0
sonspa,0.050057676,42.0,45.0
yebcha,0.01104907,42.0,45.0
rewbla,0.32115906,42.0,45.0
comyel,0.96045995,42.0,45.0
yelwar,0.97038496,42.0,45.0
norcar,0.057073914,42.0,45.0
robgro,0.010051453,42.0,45.0
bird1,0.99980426,43.0,46.0
reevir1,0.023591392,43.0,46.0
grycat,0.012663424,43.0,46.0
amerob,0.34635872,43.0,46.0
cedwax,0.022236886,43.0,46.0
amegfi,0.389033,43.0,46.0
sonspa,0.023921005,43.0,46.0
yebcha,0.017640876,43.0,46.0
rewbla,0.23740122,43.0,46.0
comyel,0.9924316,43.0,46.0
yelwar,0.90066695,43.0,46.0
bird1,0.9986338,44.0,47.0
wilfly,0.039368145,44.0,47.0
amerob,0.16639271,44.0,47.0
amegfi,0.32752168,44.0,47.0
sonspa,0.03149047,44.0,47.0
swaspa,0.5809937,44.0,47.0
rewbla,0.86613303,44.0,47.0
comyel,0.06816951,44.0,47.0
yelwar,0.9289757,44.0,47.0
bird1,0.9693265,45.0,48.0
wilfly,0.14133196,45.0,48.0
marwre,0.022778964,45.0,48.0
grycat,0.020190516,45.0,48.0
houfin,0.013998163,45.0,48.0
amegfi,0.118866175,45.0,48.0
sonspa,0.013974909,45.0,48.0
swaspa,0.058216374,45.0,48.0
rewbla,0.8050229,45.0,48.0
grtgra,0.3106504,45.0,48.0
comyel,0.5724472,45.0,48.0
bird1,0.98803896,46.0,49.0
mallar3,0.029863201,46.0,49.0
blkter,0.010499203,46.0,49.0
wilfly,0.086849056,46.0,49.0
amecro,0.011928363,46.0,49.0
marwre,0.021888258,46.0,49.0
amegfi,0.15757887,46.0,49.0
fiespa,0.5101424,46.0,49.0
sonspa,0.15767154,46.0,49.0
swaspa,0.04780425,46.0,49.0
eastow,0.014519148,46.0,49.0
rewbla,0.6419495,46.0,49.0
grtgra,0.026697783,46.0,49.0
comyel,0.817123,46.0,49.0
norcar,0.011807094,46.0,49.0
bird1,0.9994452,47.0,50.0
mallar3,0.13787965,47.0,50.0
sedwre,0.0136195235,47.0,50.0
marwre,0.016315164,47.0,50.0
bewwre,0.03773229,47.0,50.0
amegfi,0.19769643,47.0,50.0
chispa,0.04572911,47.0,50.0
fiespa,0.30755225,47.0,50.0
sonspa,0.94592106,47.0,50.0
eastow,0.010925232,47.0,50.0
rewbla,0.1035867,47.0,50.0
grtgra,0.010778201,47.0,50.0
comyel,0.2180271,47.0,50.0
prawar,0.02055394,47.0,50.0
bird1,0.9999322,48.0,51.0
mallar3,0.016968742,48.0,51.0
reevir1,0.014073483,48.0,51.0
amerob,0.014817185,48.0,51.0
houfin,0.010653872,48.0,51.0
amegfi,0.056624576,48.0,51.0
fiespa,0.839663,48.0,51.0
savspa,0.016238611,48.0,51.0
sonspa,0.99640214,48.0,51.0
yebcha,0.03186168,48.0,51.0
boboli,0.011075622,48.0,51.0
rewbla,0.02471416,48.0,51.0
comyel,0.08645546,48.0,51.0
prawar,0.011104637,48.0,51.0
blugrb1,0.022591138,48.0,51.0
bird1,0.9994307,49.0,52.0
cangoo,0.015070349,49.0,52.0
amerob,0.017333884,49.0,52.0
houspa,0.010661118,49.0,52.0
houfin,0.027214065,49.0,52.0
amegfi,0.04967638,49.0,52.0
larbun,0.08911731,49.0,52.0
vesspa,0.01162721,49.0,52.0
sonspa,0.933688,49.0,52.0
yebcha,0.015434238,49.0,52.0
boboli,0.015833091,49.0,52.0
rewbla,0.70074034,49.0,52.0
comyel,0.013736673,49.0,52.0
yelwar,0.010718514,49.0,52.0
norcar,0.012378794,49.0,52.0
bird1,0.999711,50.0,53.0
amerob,0.023901474,50.0,53.0
amegfi,0.02822588,50.0,53.0
larspa,0.014028581,50.0,53.0
vesspa,0.013577661,50.0,53.0
sonspa,0.980164,50.0,53.0
yebcha,0.024588812,50.0,53.0
rewbla,0.7586084,50.0,53.0
comyel,0.24335393,50.0,53.0
norcar,0.023885995,50.0,53.0
bird1,0.9932185,51.0,54.0
amerob,0.022387385,51.0,54.0
houspa,0.010804945,51.0,54.0
amegfi,0.020012913,51.0,54.0
larbun,0.1808367,51.0,54.0
sonspa,0.13110001,51.0,54.0
cantow,0.16812143,51.0,54.0
rewbla,0.375026,51.0,54.0
comyel,0.066077925,51.0,54.0
norcar,0.03449288,51.0,54.0
bird1,0.93762183,52.0,55.0
carwre,0.013326207,52.0,55.0
amerob,0.03778521,52.0,55.0
houspa,0.01122001,52.0,55.0
amepip,0.021573693,52.0,55.0
amegfi,0.013362307,52.0,55.0
sonspa,0.41042426,52.0,55.0
rewbla,0.49179345,52.0,55.0
comyel,0.17429101,52.0,55.0
yelwar,0.01623667,52.0,55.0
norcar,0.067640714,52.0,55.0
bird1,0.7934821,53.0,56.0
amerob,0.01005629,53.0,56.0
houspa,0.010843737,53.0,56.0
rucspa1,0.010568594,53.0,56.0
sonspa,0.08550626,53.0,56.0
rewbla,0.015500751,53.0,56.0
norcar,0.010757676,53.0,56.0
bird1,0.9699833,54.0,57.0
amerob,0.015544919,54.0,57.0
amegfi,0.01613162,54.0,57.0
bacspa,0.4948625,54.0,57.0
rucspa1,0.011444829,54.0,57.0
sonspa,0.13028748,54.0,57.0
swaspa,0.11610874,54.0,57.0
rewbla,0.022646545,54.0,57.0
comyel,0.016223652,54.0,57.0
norcar,0.014754239,54.0,57.0
bird1,0.9875062,55.0,58.0
reevir1,0.0103996545,55.0,58.0
amerob,0.030652529,55.0,58.0
houspa,0.012071793,55.0,58.0
houfin,0.011811518,55.0,58.0
amegfi,0.014580099,55.0,58.0
bacspa,0.03504569,55.0,58.0
sonspa,0.70432854,55.0,58.0
swaspa,0.03712924,55.0,58.0
rewbla,0.02332009,55.0,58.0
comyel,0.011991895,55.0,58.0
norcar,0.022189777,55.0,58.0
bird1,0.9896362,56.0,59.0
amerob,0.015474084,56.0,59.0
bacspa,0.047934752,56.0,59.0
sonspa,0.79829043,56.0,59.0
swaspa,0.3022332,56.0,59.0
rewbla,0.04033238,56.0,59.0
comyel,0.026052335,56.0,59.0
norcar,0.022163456,56.0,59.0
bird1,0.98590004,57.0,60.0
larspa,0.016396895,57.0,60.0
sonspa,0.9510412,57.0,60.0
rewbla,0.03294161,57.0,60.0
comyel,0.012995018,57.0,60.0
norcar,0.018821634,57.0,60.0
blugrb1,0.012433922,57.0,60.0
bird1,0.9512365,58.0,61.0
skylar,0.023077767,58.0,61.0
sedwre,0.034502804,58.0,61.0
houfin,0.01089879,58.0,61.0
eurgre1,0.020253588,58.0,61.0
whwcro,0.17261522,58.0,61.0
larspa,0.022756346,58.0,61.0
daejun,0.11531571,58.0,61.0
rucspa1,0.01948598,58.0,61.0
sonspa,0.11008487,58.0,61.0
eastow,0.023941502,58.0,61.0
