species_code,score,start_offset_sec,end_offset_sec
bird1,0.99880743,0.0,3.0
stejay,0.011498563,0.0,3.0
afbtit2,0.010405815,0.0,3.0
rubwre2,0.020687973,0.0,3.0
mouwre1,0.0101860585,0.0,3.0
obnthr1,0.010269112,0.0,3.0
sonthr1,0.010246997,0.0,3.0
paethr1,0.016940895,0.0,3.0
crbsun2,0.0116281,0.0,3.0
daejun,0.060938623,0.0,3.0
bkbwar,0.01325204,0.0,3.0
redwar1,0.013577244,0.0,3.0
masflo1,0.014760202,0.0,3.0
bird1,0.99948436,1.0,4.0
reevir1,0.043168783,1.0,4.0
daejun,0.020604214,1.0,4.0
ovenbi1,0.012841576,1.0,4.0
amered,0.02522889,1.0,4.0
cerwar,0.35856274,1.0,4.0
norpar,0.017669622,1.0,4.0
bkbwar,0.24786916,1.0,4.0
gchwar,0.011097066,1.0,4.0
bird1,0.99961084,2.0,5.0
leafly,0.011746465,2.0,5.0
reevir1,0.056359097,2.0,5.0
herthr,0.011256002,2.0,5.0
amerob,0.011307313,2.0,5.0
daejun,0.040048443,2.0,5.0
ovenbi1,0.016480908,2.0,5.0
bawwar,0.011927491,2.0,5.0
cerwar,0.043388933,2.0,5.0
magwar,0.060442846,2.0,5.0
bkbwar,0.85936284,2.0,5.0
btbwar,0.019893473,2.0,5.0
yerwar,0.02481409,2.0,5.0
indbun,0.013778325,2.0,5.0
bird1,0.9999074,3.0,6.0
reevir1,0.028726146,3.0,6.0
amegfi,0.17663303,3.0,6.0
daejun,0.012291254,3.0,6.0
ovenbi1,0.015550033,3.0,6.0
bawwar,0.016882742,3.0,6.0
cerwar,0.060733046,3.0,6.0
bkbwar,0.7511963,3.0,6.0
yerwar,0.21079968,3.0,6.0
btnwar,0.010785917,3.0,6.0
bird1,0.999995,4.0,7.0
ribgul,0.027937593,4.0,7.0
reevir1,0.0289749,4.0,7.0
gockin,0.013643303,4.0,7.0
winwre3,0.012539742,4.0,7.0
herthr,0.03077865,4.0,7.0
amegfi,0.021506926,4.0,7.0
swaspa,0.017281063,4.0,7.0
ovenbi1,0.02327175,4.0,7.0
bawwar,0.010372184,4.0,7.0
norpar,0.012957629,4.0,7.0
tropar,0.024973033,4.0,7.0
bkbwar,0.9993795,4.0,7.0
yerwar,0.13222568,4.0,7.0
btnwar,0.015852949,4.0,7.0
bird1,0.9998922,5.0,8.0
lobcur,0.010888736,5.0,8.0
ribgul,0.026384722,5.0,8.0
reevir1,0.024502398,5.0,8.0
gockin,0.01631122,5.0,8.0
rebnut,0.015447546,5.0,8.0
herthr,0.018061833,5.0,8.0
amerob,0.016115857,5.0,8.0
spofly1,0.012322704,5.0,8.0
amegfi,0.029843168,5.0,8.0
daejun,0.02016528,5.0,8.0
swaspa,0.054984078,5.0,8.0
rewbla,0.024043448,5.0,8.0
ovenbi1,0.014269763,5.0,8.0
amered,0.012047109,5.0,8.0
norpar,0.025177188,5.0,8.0
tropar,0.08680489,5.0,8.0
bkbwar,0.9416486,5.0,8.0
yerwar,0.3115017,5.0,8.0
rucwar,0.01859341,5.0,8.0
bird1,0.99966073,6.0,9.0
ribgul,0.010264315,6.0,9.0
reevir1,0.17843494,6.0,9.0
gockin,0.025194693,6.0,9.0
rebnut,0.8851817,6.0,9.0
pacwre1,0.025034051,6.0,9.0
veery,0.013113191,6.0,9.0
amerob,0.017752098,6.0,9.0
spofly1,0.017846605,6.0,9.0
daejun,0.13392785,6.0,9.0
rewbla,0.012740209,6.0,9.0
ovenbi1,0.010901356,6.0,9.0
comyel,0.024285978,6.0,9.0
amered,0.012907137,6.0,9.0
cerwar,0.08886698,6.0,9.0
tropar,0.048369873,6.0,9.0
bkbwar,0.94211066,6.0,9.0
yerwar,0.029075887,6.0,9.0
indbun,0.03604964,6.0,9.0
bird1,0.9996262,7.0,10.0
reevir1,0.11599083,7.0,10.0
marwar3,0.013952345,7.0,10.0
eurwar1,0.06609747,7.0,10.0
sarwar1,0.030291263,7.0,10.0
subwar6,0.032639,7.0,10.0
rebnut,0.9393293,7.0,10.0
mouwre1,0.011457417,7.0,10.0
eurbla,0.034819443,7.0,10.0
spofly1,0.46004096,7.0,10.0
houspa,0.016123347,7.0,10.0
eutspa,0.06121853,7.0,10.0
comcha,0.012435861,7.0,10.0
daejun,0.19835968,7.0,10.0
indbun,0.04923488,7.0,10.0
bird1,0.9987748,8.0,11.0
osprey,0.037548583,8.0,11.0
rebwoo,0.0116202375,8.0,11.0
reevir1,0.08290414,8.0,11.0
rebnut,0.85526913,8.0,11.0
mouwre1,0.050740346,8.0,11.0
eursta,0.018027684,8.0,11.0
spofly1,0.016936438,8.0,11.0
daejun,0.089597255,8.0,11.0
indbun,0.05380069,8.0,11.0
bird1,0.9995594,9.0,12.0
reevir1,0.39349198,9.0,12.0
amecro,0.0110843675,9.0,12.0
gockin,0.010736064,9.0,12.0
rebnut,0.21127266,9.0,12.0
mouwre1,0.018685846,9.0,12.0
sthspa1,0.03659806,9.0,12.0
fiespa,0.019223552,9.0,12.0
daejun,0.10351469,9.0,12.0
bkbwar,0.010740486,9.0,12.0
indbun,0.026105516,9.0,12.0
bird1,0.9993675,10.0,13.0
grcfly,0.01358808,10.0,13.0
reevir1,0.0634595,10.0,13.0
tuftit,0.013873327,10.0,13.0
eurwar1,0.010379319,10.0,13.0
rebnut,0.3001141,10.0,13.0
houspa,0.012259433,10.0,13.0
eutspa,0.010215841,10.0,13.0
fiespa,0.044417746,10.0,13.0
daejun,0.2718761,10.0,13.0
whtspa,0.010925306,10.0,13.0
ovenbi1,0.01081094,10.0,13.0
indbun,0.010237623,10.0,13.0
bird1,0.8761214,11.0,14.0
rinduc,0.017407909,11.0,14.0
calqua,0.031398676,11.0,14.0
reevir1,0.04764285,11.0,14.0
amerob,0.020094376,11.0,14.0
houspa,0.01744724,11.0,14.0
eutspa,0.011511486,11.0,14.0
houfin,0.011295702,11.0,14.0
rucspa1,0.010430143,11.0,14.0
sonspa,0.02522647,11.0,14.0
rewbla,0.016407264,11.0,14.0
ovenbi1,0.05207285,11.0,14.0
yerwar,0.013356303,11.0,14.0
bkhgro,0.013697309,11.0,14.0
bird1,0.9961967,12.0,15.0
calqua,0.016145492,12.0,15.0
whbhum1,0.010211391,12.0,15.0
grekis,0.014419513,12.0,15.0
houwre,0.013329631,12.0,15.0
eurbla,0.012753351,12.0,15.0
amerob,0.037457086,12.0,15.0
paethr1,0.02264161,12.0,15.0
houspa,0.013109631,12.0,15.0
sthspa1,0.010293168,12.0,15.0
fiespa,0.028168349,12.0,15.0
daejun,0.018191852,12.0,15.0
sonspa,0.015573387,12.0,15.0
ovenbi1,0.03159197,12.0,15.0
masflo1,0.022314183,12.0,15.0
bird1,0.99828255,13.0,16.0
viosab1,0.010173613,13.0,16.0
reevir1,0.010847405,13.0,16.0
lottit1,0.014522961,13.0,16.0
gockin,0.015284134,13.0,16.0
spofly1,0.060561128,13.0,16.0
houfin,0.01627688,13.0,16.0
fiespa,0.024956124,13.0,16.0
daejun,0.1317899,13.0,16.0
amered,0.011775856,13.0,16.0
camwar,0.013430239,13.0,16.0
babwar,0.01175311,13.0,16.0
bkbwar,0.034194056,13.0,16.0
indbun,0.01172917,13.0,16.0
masflo1,0.038234014,13.0,16.0
bird1,0.9992758,14.0,17.0
orcpar,0.0105794,14.0,17.0
lottit1,0.011112005,14.0,17.0
gockin,0.01089398,14.0,17.0
mouwre1,0.015329868,14.0,17.0
spofly1,0.037996713,14.0,17.0
fiespa,0.027311144,14.0,17.0
daejun,0.05170667,14.0,17.0
yerwar,0.010215118,14.0,17.0
indbun,0.011671792,14.0,17.0
masflo1,0.02655371,14.0,17.0
bird1,0.99870247,15.0,18.0
monpar,0.01865429,15.0,18.0
yecpar,0.030408239,15.0,18.0
orcpar,0.030358749,15.0,18.0
orfpar,0.019152576,15.0,18.0
reevir1,0.02590233,15.0,18.0
fiespa,0.032901287,15.0,18.0
daejun,0.07054908,15.0,18.0
amered,0.021948567,15.0,18.0
cerwar,0.010364738,15.0,18.0
babwar,0.027009169,15.0,18.0
bkbwar,0.21679783,15.0,18.0
chswar,0.021656783,15.0,18.0
btbwar,0.013430491,15.0,18.0
indbun,0.0421235,15.0,18.0
bird1,0.9998713,16.0,19.0
yecpar,0.016277293,16.0,19.0
reevir1,0.019904817,16.0,19.0
gockin,0.01274469,16.0,19.0
amerob,0.010498876,16.0,19.0
spofly1,0.011440045,16.0,19.0
amegfi,0.014387359,16.0,19.0
sthspa1,0.027476309,16.0,19.0
fiespa,0.0100974245,16.0,19.0
daejun,0.016341876,16.0,19.0
macwar,0.011200981,16.0,19.0
camwar,0.03298233,16.0,19.0
cerwar,0.018338135,16.0,19.0
norpar,0.10331537,16.0,19.0
tropar,0.074907415,16.0,19.0
babwar,0.010585305,16.0,19.0
bkbwar,0.1031601,16.0,19.0
chswar,0.012528522,16.0,19.0
palwar,0.028107705,16.0,19.0
yerwar,0.38867134,16.0,19.0
btywar,0.010675684,16.0,19.0
masflo1,0.040455367,16.0,19.0
bird1,0.9997595,17.0,20.0
reevir1,0.023287872,17.0,20.0
gockin,0.014146102,17.0,20.0
amered,0.011129021,17.0,20.0
camwar,0.013493737,17.0,20.0
cerwar,0.019497491,17.0,20.0
norpar,0.043843906,17.0,20.0
tropar,0.09214938,17.0,20.0
bkbwar,0.37381077,17.0,20.0
yerwar,0.07654452,17.0,20.0
masflo1,0.0713863,17.0,20.0
banana,0.03106875,17.0,20.0
bird1,0.9998593,18.0,21.0
reevir1,0.037139613,18.0,21.0
gockin,0.021655355,18.0,21.0
buggna,0.014521011,18.0,21.0
amerob,0.011327021,18.0,21.0
camwar,0.011322227,18.0,21.0
cerwar,0.064828485,18.0,21.0
norpar,0.061517764,18.0,21.0
tropar,0.057386637,18.0,21.0
bkbwar,0.9121094,18.0,21.0
yerwar,0.046906848,18.0,21.0
masflo1,0.05426305,18.0,21.0
banana,0.011286999,18.0,21.0
bird1,0.99969596,19.0,22.0
reevir1,0.025357815,19.0,22.0
gockin,0.01378799,19.0,22.0
daejun,0.010645874,19.0,22.0
amered,0.028514696,19.0,22.0
cerwar,0.83007485,19.0,22.0
tropar,0.09435023,19.0,22.0
bkbwar,0.55998254,19.0,22.0
yerwar,0.027503628,19.0,22.0
masflo1,0.032170057,19.0,22.0
saffin,0.010920215,19.0,22.0
bird1,0.99952346,20.0,23.0
lottit1,0.012210796,20.0,23.0
rubwre2,0.04668249,20.0,23.0
mouwre1,0.034469366,20.0,23.0
spofly1,0.101819545,20.0,23.0
crbsun2,0.17774434,20.0,23.0
sthspa1,0.014684324,20.0,23.0
fiespa,0.017515834,20.0,23.0
daejun,0.07745661,20.0,23.0
macwar,0.025633821,20.0,23.0
palwar,0.010319637,20.0,23.0
indbun,0.017938754,20.0,23.0
yebsee1,0.03311296,20.0,23.0
docsee1,0.021445215,20.0,23.0
bird1,0.99667233,21.0,24.0
cintin1,0.011659833,21.0,24.0
amecro,0.0166075,21.0,24.0
mouwre1,0.03492798,21.0,24.0
spofly1,0.027582914,21.0,24.0
sthspa1,0.011498698,21.0,24.0
fiespa,0.057996165,21.0,24.0
daejun,0.046424728,21.0,24.0
whtspa,0.010428756,21.0,24.0
masflo1,0.012161334,21.0,24.0
bird1,0.99762154,22.0,25.0
easwpw1,0.011995234,22.0,25.0
reevir1,0.010806831,22.0,25.0
mouwre1,0.018641496,22.0,25.0
sthspa1,0.04140533,22.0,25.0
fiespa,0.09744249,22.0,25.0
daejun,0.07812783,22.0,25.0
whtspa,0.020408345,22.0,25.0
comyel,0.010663744,22.0,25.0
bird1,0.99725926,23.0,26.0
cangoo,0.014986602,23.0,26.0
viosab1,0.012091127,23.0,26.0
cinhum1,0.01132598,23.0,26.0
goldcr1,0.011754783,23.0,26.0
mouwre1,0.018862309,23.0,26.0
houspa,0.01144979,23.0,26.0
sthspa1,0.013949189,23.0,26.0
fiespa,0.027679676,23.0,26.0
brespa,0.014987572,23.0,26.0
daejun,0.045014013,23.0,26.0
whtspa,0.011495214,23.0,26.0
masflo1,0.066376075,23.0,26.0
bird1,0.9981789,24.0,27.0
cangoo,0.025456784,24.0,27.0
mallar3,0.044538967,24.0,27.0
goldcr1,0.012749101,24.0,27.0
houspa,0.01158768,24.0,27.0
smilon,0.05313726,24.0,27.0
sthspa1,0.020610336,24.0,27.0
fiespa,0.0180213,24.0,27.0
daejun,0.050408594,24.0,27.0
rewbla,0.018598039,24.0,27.0
pinwar,0.012219023,24.0,27.0
masflo1,0.04200612,24.0,27.0
bird1,0.9982844,25.0,28.0
cangoo,0.013074741,25.0,28.0
mallar3,0.018680757,25.0,28.0
goldcr1,0.01806004,25.0,28.0
spofly1,0.012965693,25.0,28.0
sthspa1,0.033218004,25.0,28.0
fiespa,0.012487759,25.0,28.0
daejun,0.034950703,25.0,28.0
rewbla,0.010774851,25.0,28.0
masflo1,0.21528667,25.0,28.0
bird1,0.99828684,26.0,29.0
gockin,0.010520917,26.0,29.0
goldcr1,0.014880821,26.0,29.0
mouwre1,0.026014965,26.0,29.0
spofly1,0.018174833,26.0,29.0
sthspa1,0.04959154,26.0,29.0
daejun,0.03169241,26.0,29.0
masflo1,0.07155449,26.0,29.0
bird1,0.9957491,27.0,30.0
legcuc1,0.011304423,27.0,30.0
mouwre1,0.017592806,27.0,30.0
eurbla,0.013783322,27.0,30.0
spofly1,0.11220161,27.0,30.0
houspa,0.011265617,27.0,30.0
daejun,0.060929496,27.0,30.0
rewbla,0.010719733,27.0,30.0
comyel,0.013267081,27.0,30.0
bird1,0.99975055,28.0,31.0
redjun,0.010681799,28.0,31.0
chcant2,0.010867474,28.0,31.0
reevir1,0.013736324,28.0,31.0
gockin,0.017095428,28.0,31.0
houwre4,0.01013486,28.0,31.0
mouwre1,0.018068608,28.0,31.0
amegfi,0.030050527,28.0,31.0
daejun,0.027505778,28.0,31.0
rucspa1,0.010702423,28.0,31.0
rewbla,0.0102885235,28.0,31.0
ovenbi1,0.01645546,28.0,31.0
comyel,0.075398274,28.0,31.0
amered,0.01100896,28.0,31.0
cerwar,0.027860878,28.0,31.0
tropar,0.05642836,28.0,31.0
bkbwar,0.01300431,28.0,31.0
yelwar,0.016112916,28.0,31.0
rucwar,0.014667707,28.0,31.0
blcwar2,0.012721931,28.0,31.0
masflo1,0.76389545,28.0,31.0
bird1,0.9998562,29.0,32.0
gockin,0.014475975,29.0,32.0
bewwre,0.013147255,29.0,32.0
amegfi,0.03861819,29.0,32.0
daejun,0.03524248,29.0,32.0
savspa,0.0154268695,29.0,32.0
comyel,0.03707304,29.0,32.0
cerwar,0.09871842,29.0,32.0
norpar,0.024860322,29.0,32.0
tropar,0.49708068,29.0,32.0
yerwar,0.01761627,29.0,32.0
btywar,0.23337543,29.0,32.0
twbwar1,0.036264986,29.0,32.0
masflo1,0.09345705,29.0,32.0
bird1,0.9998929,30.0,33.0
silgul2,0.0111613935,30.0,33.0
reevir1,0.027694535,30.0,33.0
bkcchi,0.015316233,30.0,33.0
gockin,0.015787642,30.0,33.0
herthr,0.02730825,30.0,33.0
amerob,0.013820155,30.0,33.0
trepip,0.024029441,30.0,33.0
amegfi,0.01465826,30.0,33.0
daejun,0.014885918,30.0,33.0
macwar,0.030613301,30.0,33.0
cerwar,0.01843528,30.0,33.0
norpar,0.03096274,30.0,33.0
tropar,0.03919939,30.0,33.0
bkbwar,0.809751,30.0,33.0
yerwar,0.015894879,30.0,33.0
btywar,0.015031556,30.0,33.0
herwar,0.010418696,30.0,33.0
masflo1,0.1318824,30.0,33.0
bird1,0.99946743,31.0,34.0
reevir1,0.08252052,31.0,34.0
bkcchi,0.02099679,31.0,34.0
buggna,0.01380018,31.0,34.0
herthr,0.021687675,31.0,34.0
amerob,0.012239408,31.0,34.0
cedwax,0.01285018,31.0,34.0
daejun,0.02954156,31.0,34.0
ovenbi1,0.01285079,31.0,34.0
cerwar,0.11374008,31.0,34.0
norpar,0.044131286,31.0,34.0
tropar,0.04125653,31.0,34.0
bkbwar,0.9284579,31.0,34.0
yerwar,0.049613815,31.0,34.0
bird1,0.9998162,32.0,35.0
stther2,0.012078182,32.0,35.0
reevir1,0.026783584,32.0,35.0
coatit2,0.014728178,32.0,35.0
bkcchi,0.053659584,32.0,35.0
tuftit,0.0152537,32.0,35.0
buggna,0.030254154,32.0,35.0
bewwre,0.018204248,32.0,35.0
herthr,0.012881598,32.0,35.0
amerob,0.01486328,32.0,35.0
crbsun2,0.027568294,32.0,35.0
pursun4,0.010059575,32.0,35.0
amegfi,0.034121983,32.0,35.0
foxspa,0.019267544,32.0,35.0
daejun,0.01727575,32.0,35.0
rucspa1,0.010251597,32.0,35.0
sonspa,0.016887516,32.0,35.0
ovenbi1,0.056421474,32.0,35.0
bawwar,0.040400464,32.0,35.0
naswar,0.021754414,32.0,35.0
macwar,0.02603192,32.0,35.0
comyel,0.036977395,32.0,35.0
amered,0.010508208,32.0,35.0
cerwar,0.049539085,32.0,35.0
magwar,0.021406101,32.0,35.0
bkbwar,0.83809453,32.0,35.0
yelwar,0.022862513,32.0,35.0
palwar,0.023110988,32.0,35.0
yerwar,0.17348568,32.0,35.0
gchwar,0.016223604,32.0,35.0
rucwar,0.014841762,32.0,35.0
wlswar,0.011666897,32.0,35.0
norcar,0.024204018,32.0,35.0
bird1,0.9996367,33.0,36.0
subfly,0.011309861,33.0,36.0
reevir1,0.0359456,33.0,36.0
bkcchi,0.015715329,33.0,36.0
jerbus2,0.015050805,33.0,36.0
buggna,0.010872678,33.0,36.0
herthr,0.013935167,33.0,36.0
amerob,0.010570558,33.0,36.0
daejun,0.013175198,33.0,36.0
sonspa,0.011765595,33.0,36.0
rewbla,0.0123019405,33.0,36.0
ovenbi1,0.030765722,33.0,36.0
bawwar,0.028297758,33.0,36.0
comyel,0.04360881,33.0,36.0
cerwar,0.04408126,33.0,36.0
bkbwar,0.9243007,33.0,36.0
yerwar,0.0105675515,33.0,36.0
norcar,0.0145964,33.0,36.0
ducgra2,0.011624367,33.0,36.0
bird1,0.99777555,34.0,37.0
reevir1,0.0109912595,34.0,37.0
amecro,0.0133237755,34.0,37.0
bkcchi,0.013295471,34.0,37.0
gockin,0.014707297,34.0,37.0
pacwre1,0.011559685,34.0,37.0
winwre3,0.02661478,34.0,37.0
plawre1,0.015783643,34.0,37.0
amerob,0.011909213,34.0,37.0
foxspa,0.023322599,34.0,37.0
daejun,0.017446319,34.0,37.0
sonspa,0.0115385,34.0,37.0
ovenbi1,0.025257187,34.0,37.0
bawwar,0.041489795,34.0,37.0
comyel,0.010473685,34.0,37.0
bkbwar,0.86137754,34.0,37.0
wlswar,0.0151034305,34.0,37.0
norcar,0.011168728,34.0,37.0
paltan1,0.050355434,34.0,37.0
bird1,0.8391527,35.0,38.0
rucspa1,0.010508579,35.0,38.0
bird1,0.8280981,36.0,39.0
redjun,0.011015654,36.0,39.0
grekis,0.030782722,36.0,39.0
eurbla,0.01113331,36.0,39.0
bird1,0.99316496,37.0,40.0
grekis,0.010531933,37.0,40.0
blttit2,0.017110754,37.0,40.0
amerob,0.0149569465,37.0,40.0
spofly1,0.05121431,37.0,40.0
cobtan1,0.012542399,37.0,40.0
masflo1,0.12995532,37.0,40.0
bird1,0.9988795,38.0,41.0
clanut,0.016408987,38.0,41.0
gockin,0.013725902,38.0,41.0
mouwre1,0.0147991255,38.0,41.0
spofly1,0.0125958035,38.0,41.0
houspa,0.020915702,38.0,41.0
sthspa1,0.033812832,38.0,41.0
daejun,0.026989704,38.0,41.0
whtspa,0.014082124,38.0,41.0
masflo1,0.0601492,38.0,41.0
bird1,0.9986477,39.0,42.0
mouwre1,0.047402162,39.0,42.0
amerob,0.14761817,39.0,42.0
grethr1,0.019033188,39.0,42.0
spofly1,0.010465121,39.0,42.0
houspa,0.019852675,39.0,42.0
sthspa1,0.05289543,39.0,42.0
daejun,0.10751057,39.0,42.0
rucspa1,0.010939639,39.0,42.0
whtspa,0.013562316,39.0,42.0
yerwar,0.012483238,39.0,42.0
indbun,0.011122448,39.0,42.0
masflo1,0.0112537,39.0,42.0
bird1,0.9997168,40.0,43.0
mouwre1,0.028207023,40.0,43.0
amerob,0.33169118,40.0,43.0
houspa,0.021006767,40.0,43.0
sthspa1,0.074805476,40.0,43.0
daejun,0.082125574,40.0,43.0
buwwar,0.025474628,40.0,43.0
indbun,0.019069122,40.0,43.0
masflo1,0.025977626,40.0,43.0
bird1,0.99983287,41.0,44.0
reevir1,0.012695604,41.0,44.0
amecro,0.01137899,41.0,44.0
mexchi,0.011119102,41.0,44.0
mouwre1,0.031957664,41.0,44.0
amerob,0.18110631,41.0,44.0
spofly1,0.01394856,41.0,44.0
amegfi,0.021414574,41.0,44.0
daejun,0.023788283,41.0,44.0
tropar,0.06681615,41.0,44.0
bkbwar,0.020683197,41.0,44.0
yelwar,0.023167768,41.0,44.0
chswar,0.015492029,41.0,44.0
yerwar,0.32628894,41.0,44.0
norcar,0.0100237625,41.0,44.0
masflo1,0.052314695,41.0,44.0
bird1,0.9992039,42.0,45.0
reevir1,0.013148399,42.0,45.0
clanut,0.02416923,42.0,45.0
gockin,0.017920174,42.0,45.0
mouwre1,0.015710594,42.0,45.0
amerob,0.025448328,42.0,45.0
spofly1,0.020112665,42.0,45.0
daejun,0.032064326,42.0,45.0
amered,0.023235451,42.0,45.0
camwar,0.032871667,42.0,45.0
tropar,0.03722441,42.0,45.0
bkbwar,0.09267004,42.0,45.0
yelwar,0.013608734,42.0,45.0
chswar,0.016272584,42.0,45.0
yerwar,0.28593868,42.0,45.0
thswar1,0.011351408,42.0,45.0
blcwar2,0.011775413,42.0,45.0
masflo1,0.043954328,42.0,45.0
bird1,0.9996872,43.0,46.0
reevir1,0.0145669775,43.0,46.0
mouwre1,0.033810202,43.0,46.0
amerob,0.12806411,43.0,46.0
spofly1,0.012998711,43.0,46.0
corpip1,0.016635265,43.0,46.0
amegfi,0.011382144,43.0,46.0
daejun,0.097165056,43.0,46.0
gnttow,0.018360969,43.0,46.0
macwar,0.06720403,43.0,46.0
amered,0.045134492,43.0,46.0
camwar,0.010697204,43.0,46.0
cerwar,0.015444797,43.0,46.0
tropar,0.02764232,43.0,46.0
bkbwar,0.25840443,43.0,46.0
yerwar,0.15571329,43.0,46.0
btywar,0.012840215,43.0,46.0
herwar,0.010970338,43.0,46.0
indbun,0.096747704,43.0,46.0
bird1,0.9999662,44.0,47.0
silgul2,0.03321372,44.0,47.0
reevir1,0.037811212,44.0,47.0
blttit2,0.010014115,44.0,47.0
gockin,0.011274128,44.0,47.0
herthr,0.016874434,44.0,47.0
amerob,0.31774458,44.0,47.0
daejun,0.07284647,44.0,47.0
cerwar,0.25703546,44.0,47.0
tropar,0.01636432,44.0,47.0
magwar,0.011777775,44.0,47.0
bkbwar,0.96368355,44.0,47.0
yerwar,0.016804302,44.0,47.0
bird1,0.99985766,45.0,48.0
todmot1,0.010111375,45.0,48.0
reevir1,0.045666497,45.0,48.0
bkcchi,0.015531431,45.0,48.0
winwre3,0.010506924,45.0,48.0
herthr,0.022590913,45.0,48.0
amerob,0.012695748,45.0,48.0
daejun,0.011550678,45.0,48.0
whtspa,0.010879711,45.0,48.0
rewbla,0.013592511,45.0,48.0
ovenbi1,0.013378775,45.0,48.0
bkbwar,0.9484326,45.0,48.0
bird1,0.9998015,46.0,49.0
reevir1,0.09075488,46.0,49.0
bkcchi,0.013663735,46.0,49.0
herthr,0.013898999,46.0,49.0
woothr,0.011553999,46.0,49.0
amerob,0.013365481,46.0,49.0
daejun,0.0106614,46.0,49.0
rewbla,0.0139048835,46.0,49.0
ovenbi1,0.019793473,46.0,49.0
naswar,0.011137547,46.0,49.0
bkbwar,0.9764814,46.0,49.0
yelwar,0.015056709,46.0,49.0
yerwar,0.011468948,46.0,49.0
bird1,0.9999859,47.0,50.0
ribgul,0.017106807,47.0,50.0
reevir1,0.10148456,47.0,50.0
bkcchi,0.017103769,47.0,50.0
winwre3,0.020130713,47.0,50.0
herthr,0.038872857,47.0,50.0
amerob,0.011149232,47.0,50.0
rewbla,0.011768988,47.0,50.0
ovenbi1,0.025248567,47.0,50.0
tropar,0.034542125,47.0,50.0
bkbwar,0.9999177,47.0,50.0
ducgra2,0.012779698,47.0,50.0
bird1,0.99794143,48.0,51.0
rufgro,0.031859417,48.0,51.0
reevir1,0.04377725,48.0,51.0
bkcchi,0.012592269,48.0,51.0
herthr,0.012017571,48.0,51.0
amerob,0.012094663,48.0,51.0
rewbla,0.01041247,48.0,51.0
ovenbi1,0.011092342,48.0,51.0
bkbwar,0.9432063,48.0,51.0
bird1,0.9985202,49.0,52.0
grnvie1,0.024375163,49.0,52.0
reevir1,0.039156705,49.0,52.0
bkcchi,0.01164043,49.0,52.0
winwre3,0.016251208,49.0,52.0
herthr,0.030702455,49.0,52.0
amerob,0.016715506,49.0,52.0
rewbla,0.024333281,49.0,52.0
ovenbi1,0.010652837,49.0,52.0
cerwar,0.011839389,49.0,52.0
bkbwar,0.9765243,49.0,52.0
bird1,0.97044903,50.0,53.0
bkbwar,0.8946634,50.0,53.0
banana,0.012373734,50.0,53.0
bird1,0.9924208,51.0,54.0
amerob,0.033258643,51.0,54.0
spofly1,0.016508317,51.0,54.0
olispa,0.012565127,51.0,54.0
linspa,0.021588635,51.0,54.0
wnbfin1,0.010742057,51.0,54.0
norcar,0.011832753,51.0,54.0
masflo1,0.021598816,51.0,54.0
bird1,0.99903065,52.0,55.0
sthspa1,0.11638175,52.0,55.0
fiespa,0.034201454,52.0,55.0
daejun,0.076295,52.0,55.0
whtspa,0.0208604,52.0,55.0
yerwar,0.0148096,52.0,55.0
bird1,0.99976885,53.0,56.0
reevir1,0.012512116,53.0,56.0
amerob,0.017093288,53.0,56.0
amegfi,0.08531537,53.0,56.0
sthspa1,0.026816605,53.0,56.0
fiespa,0.014332125,53.0,56.0
daejun,0.27159682,53.0,56.0
whtspa,0.011116854,53.0,56.0
ovenbi1,0.010250149,53.0,56.0
amered,0.011683419,53.0,56.0
bkbwar,0.0186633,53.0,56.0
yelwar,0.038176734,53.0,56.0
chswar,0.087230794,53.0,56.0
yerwar,0.14617099,53.0,56.0
thswar1,0.010467807,53.0,56.0
indbun,0.018860823,53.0,56.0
bird1,0.9998764,54.0,57.0
rufgro,0.01162165,54.0,57.0
reevir1,0.012045276,54.0,57.0
mexchi,0.014474167,54.0,57.0
gockin,0.010045747,54.0,57.0
amerob,0.013351146,54.0,57.0
amegfi,0.02480658,54.0,57.0
fiespa,0.05123678,54.0,57.0
brespa,0.04946663,54.0,57.0
daejun,0.43126196,54.0,57.0
yeejun,0.019290335,54.0,57.0
whtspa,0.054785065,54.0,57.0
buwwar,0.020203834,54.0,57.0
amered,0.010559687,54.0,57.0
tropar,0.030661302,54.0,57.0
bkbwar,0.016759116,54.0,57.0
yelwar,0.015180242,54.0,57.0
indbun,0.01836945,54.0,57.0
masflo1,0.012438232,54.0,57.0
bird1,0.99967426,55.0,58.0
reevir1,0.026764527,55.0,58.0
bkcchi,0.010009742,55.0,58.0
gockin,0.043734934,55.0,58.0
firecr1,0.011910891,55.0,58.0
pacwre1,0.012694433,55.0,58.0
amerob,0.017002596,55.0,58.0
amegfi,0.010947634,55.0,58.0
daejun,0.16492595,55.0,58.0
rewbla,0.010490972,55.0,58.0
tropar,0.021488806,55.0,58.0
bkbwar,0.87610745,55.0,58.0
indbun,0.024974108,55.0,58.0
masflo1,0.018205216,55.0,58.0
bird1,0.99985945,56.0,59.0
reevir1,0.01360954,56.0,59.0
grrwar1,0.031095093,56.0,59.0
gockin,0.030987969,56.0,59.0
houwre4,0.20026994,56.0,59.0
pacwre1,0.011221576,56.0,59.0
eurgol,0.0100080175,56.0,59.0
daejun,0.04863277,56.0,59.0
tropar,0.06500397,56.0,59.0
bkbwar,0.49050292,56.0,59.0
yelwar,0.010612091,56.0,59.0
yerwar,0.014824599,56.0,59.0
masflo1,0.030453444,56.0,59.0
bird1,0.999737,57.0,60.0
reevir1,0.014158756,57.0,60.0
grrwar1,0.2474879,57.0,60.0
gockin,0.028928805,57.0,60.0
mouwre1,0.012106373,57.0,60.0
herthr,0.021652753,57.0,60.0
amerob,0.01022753,57.0,60.0
daejun,0.02816481,57.0,60.0
yebcha,0.020086508,57.0,60.0
ovenbi1,0.0110808825,57.0,60.0
naswar,0.043204073,57.0,60.0
bkbwar,0.91032106,57.0,60.0
yelwar,0.01749021,57.0,60.0
chswar,0.020586243,57.0,60.0
masflo1,0.021372942,57.0,60.0
bird1,0.9998017,58.0,61.0
ribgul,0.014070657,58.0,61.0
grcgre1,0.017033251,58.0,61.0
leafly,0.011134501,58.0,61.0
reevir1,0.031945884,58.0,61.0
bkcchi,0.01907508,58.0,61.0
grrwar1,0.05606624,58.0,61.0
lottit1,0.021405546,58.0,61.0
houwre4,0.023235235,58.0,61.0
herthr,0.011044471,58.0,61.0
daejun,0.11433757,58.0,61.0
whtspa,0.010391403,58.0,61.0
rewbla,0.011399006,58.0,61.0
ovenbi1,0.017749289,58.0,61.0
amered,0.014871191,58.0,61.0
magwar,0.011605296,58.0,61.0
bkbwar,0.97607195,58.0,61.0
chswar,0.011324848,58.0,61.0
yerwar,0.010895228,58.0,61.0
bird1,0.99990946,59.0,62.0
ribgul,0.019240318,59.0,62.0
reevir1,0.038170487,59.0,62.0
bkcchi,0.013647994,59.0,62.0
winwre3,0.011328758,59.0,62.0
herthr,0.02055037,59.0,62.0
fiespa,0.029735968,59.0,62.0
daejun,0.28325072,59.0,62.0
ovenbi1,0.010612658,59.0,62.0
amered,0.014836911,59.0,62.0
bkbwar,0.9849226,59.0,62.0
chswar,0.010843005,59.0,62.0
bird1,0.9980121,60.0,63.0
reevir1,0.019220805,60.0,63.0
gockin,0.014750476,60.0,63.0
herthr,0.012198643,60.0,63.0
fiespa,0.019592073,60.0,63.0
daejun,0.034408204,60.0,63.0
amered,0.013238092,60.0,63.0
bkbwar,0.38519204,60.0,63.0
btnwar,0.012989709,60.0,63.0
thswar1,0.01437133,60.0,63.0
masflo1,0.014527283,60.0,63.0
bird1,0.9953935,61.0,64.0
reevir1,0.016471032,61.0,64.0
banswa,0.025045913,61.0,64.0
mouwre1,0.040401008,61.0,64.0
austhr1,0.011476005,61.0,64.0
spofly1,0.019822778,61.0,64.0
daejun,0.028939683,61.0,64.0
bkbwar,0.016336404,61.0,64.0
bird1,0.9976293,62.0,65.0
mouwre1,0.037524797,62.0,65.0
amerob,0.010226734,62.0,65.0
spofly1,0.014593424,62.0,65.0
houspa,0.017178873,62.0,65.0
sthspa1,0.02778202,62.0,65.0
wnbfin1,0.014274188,62.0,65.0
bird1,0.99967766,63.0,66.0
reevir1,0.020950614,63.0,66.0
fiespa,0.019042257,63.0,66.0
daejun,0.034757335,63.0,66.0
rucspa1,0.012181206,63.0,66.0
comyel,0.01105253,63.0,66.0
bkbwar,0.075935476,63.0,66.0
chswar,0.01930904,63.0,66.0
yerwar,0.024438875,63.0,66.0
indbun,0.06842272,63.0,66.0
bird1,0.9988902,64.0,67.0
reevir1,0.027998293,64.0,67.0
bkcchi,0.030474517,64.0,67.0
firecr1,0.012935077,64.0,67.0
fiespa,0.027292792,64.0,67.0
daejun,0.22165436,64.0,67.0
ovenbi1,0.010345558,64.0,67.0
bawwar,0.010259694,64.0,67.0
amered,0.014758219,64.0,67.0
camwar,0.017346395,64.0,67.0
magwar,0.014646013,64.0,67.0
babwar,0.040742345,64.0,67.0
bkbwar,0.5715157,64.0,67.0
yelwar,0.016667971,64.0,67.0
chswar,0.017875599,64.0,67.0
indbun,0.07939349,64.0,67.0
bird1,0.99981123,65.0,68.0
reevir1,0.022030883,65.0,68.0
fiespa,0.03308029,65.0,68.0
brespa,0.043126814,65.0,68.0
daejun,0.113408454,65.0,68.0
ovenbi1,0.010830299,65.0,68.0
bawwar,0.010201685,65.0,68.0
amered,0.025105715,65.0,68.0
camwar,0.026653187,65.0,68.0
norpar,0.017338423,65.0,68.0
tropar,0.038808927,65.0,68.0
babwar,0.012105163,65.0,68.0
bkbwar,0.55331874,65.0,68.0
yelwar,0.04543066,65.0,68.0
chswar,0.0339433,65.0,68.0
bkpwar,0.013805963,65.0,68.0
yerwar,0.053990405,65.0,68.0
indbun,0.07338576,65.0,68.0
masflo1,0.03937079,65.0,68.0
bird1,0.9998434,66.0,69.0
reevir1,0.041294977,66.0,69.0
gockin,0.017423501,66.0,69.0
herthr,0.03426527,66.0,69.0
amerob,0.014109845,66.0,69.0
trepip,0.023218522,66.0,69.0
fiespa,0.017790463,66.0,69.0
daejun,0.21177864,66.0,69.0
ovenbi1,0.014503163,66.0,69.0
macwar,0.18529274,66.0,69.0
camwar,0.013825993,66.0,69.0
cerwar,0.018921789,66.0,69.0
norpar,0.053292952,66.0,69.0
tropar,0.04131299,66.0,69.0
magwar,0.013092159,66.0,69.0
bkbwar,0.9364395,66.0,69.0
yelwar,0.015637815,66.0,69.0
chswar,0.019748654,66.0,69.0
yerwar,0.06879413,66.0,69.0
masflo1,0.014313399,66.0,69.0
bird1,0.99984145,67.0,70.0
reevir1,0.064757876,67.0,70.0
bkcchi,0.014450392,67.0,70.0
herthr,0.017871624,67.0,70.0
amerob,0.010947376,67.0,70.0
brespa,0.010315129,67.0,70.0
daejun,0.038885795,67.0,70.0
ovenbi1,0.022036152,67.0,70.0
buwwar,0.011805164,67.0,70.0
cerwar,0.019917918,67.0,70.0
norpar,0.01942535,67.0,70.0
tropar,0.1388276,67.0,70.0
bkbwar,0.952053,67.0,70.0
yerwar,0.051034935,67.0,70.0
indbun,0.0134254815,67.0,70.0
masflo1,0.01855779,67.0,70.0
bird1,0.9998411,68.0,71.0
reevir1,0.10877808,68.0,71.0
bkcchi,0.019829016,68.0,71.0
winwre3,0.013788497,68.0,71.0
herthr,0.019518321,68.0,71.0
amerob,0.01268749,68.0,71.0
daejun,0.016212353,68.0,71.0
rewbla,0.0117043955,68.0,71.0
ovenbi1,0.039180357,68.0,71.0
naswar,0.01520979,68.0,71.0
cerwar,0.011344859,68.0,71.0
tropar,0.027988931,68.0,71.0
bkbwar,0.98071843,68.0,71.0
yerwar,0.010917558,68.0,71.0
bird1,0.9995985,69.0,72.0
reevir1,0.09463382,69.0,72.0
winwre3,0.011380663,69.0,72.0
herthr,0.016887816,69.0,72.0
amerob,0.012265451,69.0,72.0
daejun,0.016528107,69.0,72.0
rewbla,0.0114698615,69.0,72.0
ovenbi1,0.018501839,69.0,72.0
bkbwar,0.94657916,69.0,72.0
bird1,0.9997495,70.0,73.0
grnvie1,0.013900856,70.0,73.0
reevir1,0.055430796,70.0,73.0
gockin,0.0154947275,70.0,73.0
winwre3,0.012557065,70.0,73.0
herthr,0.01269037,70.0,73.0
fiespa,0.010385036,70.0,73.0
daejun,0.021608733,70.0,73.0
ovenbi1,0.011510248,70.0,73.0
bkbwar,0.98480576,70.0,73.0
indbun,0.022296276,70.0,73.0
masflo1,0.021147715,70.0,73.0
bird1,0.9965385,71.0,74.0
gockin,0.010598688,71.0,74.0
spofly1,0.0114296535,71.0,74.0
eurrob1,0.01315119,71.0,74.0
fiespa,0.029603349,71.0,74.0
brespa,0.015113613,71.0,74.0
daejun,0.01977224,71.0,74.0
savspa,0.013199635,71.0,74.0
lazbun,0.018348806,71.0,74.0
indbun,0.09984115,71.0,74.0
masflo1,0.07840206,71.0,74.0
bird1,0.99794835,72.0,75.0
gockin,0.026728211,72.0,75.0
goldcr1,0.012563091,72.0,75.0
sthspa1,0.010324879,72.0,75.0
brespa,0.012352442,72.0,75.0
daejun,0.027916333,72.0,75.0
indbun,0.025033817,72.0,75.0
masflo1,0.06722198,72.0,75.0
bird1,0.99866015,73.0,76.0
vauswi,0.029109653,73.0,76.0
reevir1,0.012006525,73.0,76.0
borchi2,0.014307923,73.0,76.0
wlwwar,0.015670959,73.0,76.0
gockin,0.01654298,73.0,76.0
goldcr1,0.011347572,73.0,76.0
mouwre1,0.013297484,73.0,76.0
winwre4,0.011996602,73.0,76.0
amerob,0.010156092,73.0,76.0
pursun4,0.012107467,73.0,76.0
sprpip,0.059886042,73.0,76.0
fiespa,0.010084074,73.0,76.0
brespa,0.016398847,73.0,76.0
daejun,0.0108741755,73.0,76.0
whtspa,0.021623392,73.0,76.0
camwar,0.013901895,73.0,76.0
bkbwar,0.025542071,73.0,76.0
yelwar,0.038350437,73.0,76.0
chswar,0.0241458,73.0,76.0
palwar,0.010216651,73.0,76.0
yerwar,0.031385772,73.0,76.0
indbun,0.019611651,73.0,76.0
masflo1,0.1982863,73.0,76.0
bird1,0.9998415,74.0,77.0
ribgul,0.013290956,74.0,77.0
reevir1,0.045904394,74.0,77.0
mouwre1,0.010544338,74.0,77.0
daejun,0.028691014,74.0,77.0
ovenbi1,0.011979957,74.0,77.0
bawwar,0.010120906,74.0,77.0
magwar,0.01917385,74.0,77.0
babwar,0.014126458,74.0,77.0
bkbwar,0.9929048,74.0,77.0
masflo1,0.018969994,74.0,77.0
bird1,0.9998464,75.0,78.0
ribgul,0.020437947,75.0,78.0
reevir1,0.041135885,75.0,78.0
bkcchi,0.011049616,75.0,78.0
mouwre1,0.010554482,75.0,78.0
herthr,0.010689223,75.0,78.0
amerob,0.0127953375,75.0,78.0
houfin,0.037581358,75.0,78.0
daejun,0.1541218,75.0,78.0
rewbla,0.015969384,75.0,78.0
ovenbi1,0.01596462,75.0,78.0
camwar,0.010274889,75.0,78.0
babwar,0.013409833,75.0,78.0
bkbwar,0.9900115,75.0,78.0
yerwar,0.011206147,75.0,78.0
indbun,0.010707528,75.0,78.0
bird1,0.99977684,76.0,79.0
reevir1,0.033671092,76.0,79.0
firecr1,0.01372516,76.0,79.0
amerob,0.011505389,76.0,79.0
fiespa,0.012413382,76.0,79.0
daejun,0.26256055,76.0,79.0
whtspa,0.01659822,76.0,79.0
rewbla,0.012312275,76.0,79.0
ovenbi1,0.01294749,76.0,79.0
bawwar,0.012075997,76.0,79.0
magwar,0.011132795,76.0,79.0
babwar,0.026154367,76.0,79.0
bkbwar,0.9834044,76.0,79.0
indbun,0.014304608,76.0,79.0
masflo1,0.013863413,76.0,79.0
bird1,0.9998612,77.0,80.0
gockin,0.01626786,77.0,80.0
amerob,0.013021262,77.0,80.0
sthspa1,0.010624721,77.0,80.0
daejun,0.074838236,77.0,80.0
camwar,0.05262165,77.0,80.0
norpar,0.08747462,77.0,80.0
tropar,0.026619958,77.0,80.0
bkbwar,0.08569112,77.0,80.0
yerwar,0.084893204,77.0,80.0
btywar,0.011608091,77.0,80.0
norcar,0.0111669265,77.0,80.0
masflo1,0.047040306,77.0,80.0
bird1,0.9998039,78.0,81.0
reevir1,0.035133038,78.0,81.0
fiespa,0.03571815,78.0,81.0
brespa,0.012957219,78.0,81.0
daejun,0.06324822,78.0,81.0
yeejun,0.013299355,78.0,81.0
tropar,0.12658492,78.0,81.0
bkbwar,0.7682086,78.0,81.0
indbun,0.017996782,78.0,81.0
masflo1,0.025271095,78.0,81.0
banana,0.0113589885,78.0,81.0
bird1,0.99996364,79.0,82.0
reevir1,0.033202797,79.0,82.0
eurmag1,0.010036671,79.0,82.0
mouwre1,0.017361911,79.0,82.0
amerob,0.22180146,79.0,82.0
spofly1,0.025244309,79.0,82.0
fiespa,0.01654481,79.0,82.0
daejun,0.08632791,79.0,82.0
buwwar,0.014835147,79.0,82.0
amered,0.02610879,79.0,82.0
camwar,0.013363684,79.0,82.0
tropar,0.09069466,79.0,82.0
bkbwar,0.77300644,79.0,82.0
yerwar,0.0127264885,79.0,82.0
indbun,0.03873443,79.0,82.0
masflo1,0.018816458,79.0,82.0
bird1,0.99989414,80.0,83.0
reevir1,0.030402448,80.0,83.0
mouwre1,0.0121118715,80.0,83.0
amerob,0.03742828,80.0,83.0
spofly1,0.017032484,80.0,83.0
fiespa,0.026042812,80.0,83.0
daejun,0.092190854,80.0,83.0
amered,0.0131039135,80.0,83.0
cerwar,0.017329896,80.0,83.0
tropar,0.14670421,80.0,83.0
bkbwar,0.57507664,80.0,83.0
indbun,0.023943206,80.0,83.0
masflo1,0.033770267,80.0,83.0
bird1,0.99870735,81.0,84.0
reevir1,0.01495281,81.0,84.0
mexchi,0.014443541,81.0,84.0
lottit1,0.056555208,81.0,84.0
gockin,0.045401163,81.0,84.0
goldcr1,0.013265127,81.0,84.0
firecr1,0.024006309,81.0,84.0
mouwre1,0.01261188,81.0,84.0
spofly1,0.016984036,81.0,84.0
fiespa,0.01634816,81.0,84.0
daejun,0.015240568,81.0,84.0
bkbwar,0.38865033,81.0,84.0
indbun,0.073751695,81.0,84.0
bird1,0.99851686,82.0,85.0
mexchi,0.017649017,82.0,85.0
lottit1,0.038313366,82.0,85.0
gockin,0.06737775,82.0,85.0
goldcr1,0.047519647,82.0,85.0
firecr1,0.033694908,82.0,85.0
spofly1,0.028186759,82.0,85.0
houspa,0.011084013,82.0,85.0
sthspa1,0.014009179,82.0,85.0
fiespa,0.01257803,82.0,85.0
daejun,0.02931333,82.0,85.0
camwar,0.018866245,82.0,85.0
babwar,0.010788149,82.0,85.0
bkbwar,0.012666501,82.0,85.0
masflo1,0.01797754,82.0,85.0
bird1,0.9994559,83.0,86.0
faipit1,0.010284971,83.0,86.0
pinjay,0.20259117,83.0,86.0
bkcchi,0.038996402,83.0,86.0
mexchi,0.040989846,83.0,86.0
borchi2,0.010371925,83.0,86.0
gockin,0.1358682,83.0,86.0
goldcr1,0.045552075,83.0,86.0
firecr1,0.04806817,83.0,86.0
whbnut,0.010379029,83.0,86.0
daejun,0.01214376,83.0,86.0
camwar,0.061155573,83.0,86.0
babwar,0.016004192,83.0,86.0
bkbwar,0.24452387,83.0,86.0
yelwar,0.13117804,83.0,86.0
yerwar,0.010050034,83.0,86.0
norcar,0.011107112,83.0,86.0
bird1,0.9980173,84.0,87.0
ribgul,0.015564779,84.0,87.0
reevir1,0.021052506,84.0,87.0
bkcchi,0.13164023,84.0,87.0
tuftit,0.04005109,84.0,87.0
gockin,0.087516665,84.0,87.0
goldcr1,0.012317668,84.0,87.0
amerob,0.018522976,84.0,87.0
daejun,0.04118903,84.0,87.0
savspa,0.0100079095,84.0,87.0
linspa,0.016299183,84.0,87.0
swaspa,0.024605919,84.0,87.0
rewbla,0.010936285,84.0,87.0
buwwar,0.018294532,84.0,87.0
amered,0.030032715,84.0,87.0
camwar,0.01488573,84.0,87.0
cerwar,0.013864854,84.0,87.0
norpar,0.01478768,84.0,87.0
tropar,0.015881252,84.0,87.0
bkbwar,0.7726036,84.0,87.0
yelwar,0.021238724,84.0,87.0
btbwar,0.018189756,84.0,87.0
yerwar,0.043022484,84.0,87.0
redwar1,0.010262178,84.0,87.0
norcar,0.025478857,84.0,87.0
indbun,0.021232136,84.0,87.0
bird1,0.99972653,85.0,88.0
ribgul,0.012930671,85.0,88.0
reevir1,0.024887184,85.0,88.0
bkcchi,0.06529821,85.0,88.0
tuftit,0.016987532,85.0,88.0
gockin,0.035773434,85.0,88.0
mouwre1,0.012252754,85.0,88.0
winwre4,0.010756949,85.0,88.0
amerob,0.02174411,85.0,88.0
spofly1,0.01418319,85.0,88.0
houspa,0.010531859,85.0,88.0
daejun,0.040948678,85.0,88.0
rewbla,0.015978161,85.0,88.0
buwwar,0.010817872,85.0,88.0
amered,0.011962856,85.0,88.0
bkbwar,0.88800395,85.0,88.0
yelwar,0.01424938,85.0,88.0
yerwar,0.030314803,85.0,88.0
norcar,0.013325876,85.0,88.0
indbun,0.23507452,85.0,88.0
masflo1,0.024419729,85.0,88.0
bird1,0.9996121,86.0,89.0
legcuc1,0.010940041,86.0,89.0
eubeat1,0.027040584,86.0,89.0
reevir1,0.017450789,86.0,89.0
bkcchi,0.058956064,86.0,89.0
gockin,0.030670224,86.0,89.0
mouwre1,0.013200553,86.0,89.0
amerob,0.013836509,86.0,89.0
sthspa1,0.029665643,86.0,89.0
daejun,0.019141527,86.0,89.0
woewar1,0.022644043,86.0,89.0
buwwar,0.089209564,86.0,89.0
tropar,0.012061794,86.0,89.0
bkbwar,0.7469467,86.0,89.0
yerwar,0.0117375525,86.0,89.0
norcar,0.016835432,86.0,89.0
indbun,0.033138733,86.0,89.0
bird1,0.9987195,87.0,90.0
reevir1,0.02567902,87.0,90.0
lottit1,0.010980985,87.0,90.0
gockin,0.012018148,87.0,90.0
firecr1,0.011239085,87.0,90.0
mouwre1,0.013245052,87.0,90.0
spofly1,0.010851837,87.0,90.0
houspa,0.014649922,87.0,90.0
comcha,0.010035462,87.0,90.0
fiespa,0.012214334,87.0,90.0
daejun,0.13605902,87.0,90.0
ovenbi1,0.01597129,87.0,90.0
babwar,0.019447621,87.0,90.0
bkbwar,0.08616861,87.0,90.0
indbun,0.01747992,87.0,90.0
masflo1,0.01645657,87.0,90.0
bird1,0.9997032,88.0,91.0
reevir1,0.016288755,88.0,91.0
gockin,0.019356044,88.0,91.0
amegfi,0.33223477,88.0,91.0
fiespa,0.027482904,88.0,91.0
daejun,0.3291207,88.0,91.0
bawwar,0.017390504,88.0,91.0
amered,0.01748445,88.0,91.0
camwar,0.024573797,88.0,91.0
babwar,0.032729637,88.0,91.0
bkbwar,0.23601355,88.0,91.0
btbwar,0.031845335,88.0,91.0
yerwar,0.04169195,88.0,91.0
btnwar,0.013862423,88.0,91.0
bird1,0.9997847,89.0,92.0
silgul2,0.01217083,89.0,92.0
reevir1,0.043401737,89.0,92.0
herthr,0.015826566,89.0,92.0
amerob,0.013199423,89.0,92.0
trepip,0.015966754,89.0,92.0
amegfi,0.05890638,89.0,92.0
daejun,0.040799186,89.0,92.0
ovenbi1,0.026635608,89.0,92.0
macwar,0.06335702,89.0,92.0
amered,0.011779652,89.0,92.0
camwar,0.012123025,89.0,92.0
cerwar,0.0648002,89.0,92.0
norpar,0.02558191,89.0,92.0
tropar,0.020340929,89.0,92.0
magwar,0.012844434,89.0,92.0
bkbwar,0.86620516,89.0,92.0
yerwar,0.09851708,89.0,92.0
bird1,0.99981385,90.0,93.0
buhvir,0.013686106,90.0,93.0
reevir1,0.06559188,90.0,93.0
bkcchi,0.013181486,90.0,93.0
buggna,0.013735608,90.0,93.0
herthr,0.020795846,90.0,93.0
amegfi,0.018259875,90.0,93.0
daejun,0.01660254,90.0,93.0
ovenbi1,0.052656155,90.0,93.0
bawwar,0.012788658,90.0,93.0
amered,0.010345865,90.0,93.0
norpar,0.021637494,90.0,93.0
tropar,0.021678029,90.0,93.0
magwar,0.015307577,90.0,93.0
bkbwar,0.9823653,90.0,93.0
yerwar,0.4991452,90.0,93.0
bird1,0.9998541,91.0,94.0
ribgul,0.013554139,91.0,94.0
reevir1,0.07083536,91.0,94.0
bkcchi,0.018458135,91.0,94.0
gockin,0.011327843,91.0,94.0
buggna,0.010774312,91.0,94.0
winwre3,0.018105073,91.0,94.0
herthr,0.039720878,91.0,94.0
daejun,0.0710834,91.0,94.0
ovenbi1,0.07070617,91.0,94.0
bawwar,0.020649455,91.0,94.0
naswar,0.016287979,91.0,94.0
amered,0.013523019,91.0,94.0
cerwar,0.014871393,91.0,94.0
norpar,0.012110804,91.0,94.0
tropar,0.022755507,91.0,94.0
magwar,0.014191066,91.0,94.0
bkbwar,0.9977809,91.0,94.0
btbwar,0.014718673,91.0,94.0
palwar,0.01929877,91.0,94.0
yerwar,0.508595,91.0,94.0
btnwar,0.028459847,91.0,94.0
bird1,0.9998537,92.0,95.0
moudov,0.023643332,92.0,95.0
grnvie1,0.014731002,92.0,95.0
leafly,0.027576344,92.0,95.0
subfly,0.023159128,92.0,95.0
reevir1,0.05709967,92.0,95.0
bkcchi,0.018970728,92.0,95.0
winwre3,0.021099113,92.0,95.0
herthr,0.045400605,92.0,95.0
amerob,0.06578095,92.0,95.0
rewbla,0.026504517,92.0,95.0
ovenbi1,0.061478,92.0,95.0
magwar,0.011341876,92.0,95.0
bkbwar,0.9981001,92.0,95.0
yerwar,0.0532125,92.0,95.0
btnwar,0.015278831,92.0,95.0
bird1,0.9995,93.0,96.0
grnvie1,0.04265758,93.0,96.0
reevir1,0.046118762,93.0,96.0
bkcchi,0.013004831,93.0,96.0
gockin,0.02725494,93.0,96.0
winwre3,0.018076997,93.0,96.0
herthr,0.028758058,93.0,96.0
amerob,0.057691213,93.0,96.0
ovenbi1,0.02465029,93.0,96.0
bkbwar,0.99882436,93.0,96.0
yerwar,0.10549428,93.0,96.0
btnwar,0.012072248,93.0,96.0
bird1,0.96778965,94.0,97.0
moudov,0.011462765,94.0,97.0
legcuc1,0.013515857,94.0,97.0
babwre1,0.030615488,94.0,97.0
sonspa,0.01283497,94.0,97.0
yebcha,0.01263328,94.0,97.0
rewbla,0.013339927,94.0,97.0
comgra,0.017899683,94.0,97.0
bkbwar,0.048424706,94.0,97.0
masflo1,0.36194482,94.0,97.0
bird1,0.730142,95.0,98.0
bkcchi,0.023719108,95.0,98.0
borchi2,0.016051326,95.0,98.0
gockin,0.013770501,95.0,98.0
amerob,0.013906119,95.0,98.0
daejun,0.01120348,95.0,98.0
whtspa,0.017786745,95.0,98.0
bawwar,0.012398298,95.0,98.0
amered,0.016193008,95.0,98.0
camwar,0.021835685,95.0,98.0
bkbwar,0.012026395,95.0,98.0
yelwar,0.020981122,95.0,98.0
bird1,0.7363147,96.0,99.0
chbchi,0.018422004,96.0,99.0
bushti,0.03260355,96.0,99.0
gockin,0.020585796,96.0,99.0
firecr1,0.016200015,96.0,99.0
daejun,0.112293065,96.0,99.0
whtspa,0.0126954485,96.0,99.0
bird1,0.87208736,97.0,100.0
bkcchi,0.012175985,97.0,100.0
chbchi,0.011998077,97.0,100.0
lottit1,0.012464959,97.0,100.0
bushti,0.022673808,97.0,100.0
houwre,0.011038878,97.0,100.0
houwre4,0.015380657,97.0,100.0
spofly1,0.014844746,97.0,100.0
amegfi,0.013177616,97.0,100.0
daejun,0.03525366,97.0,100.0
rewbla,0.011540507,97.0,100.0
yelwar,0.016382527,97.0,100.0
norcar,0.010868397,97.0,100.0
bird1,0.96536803,98.0,101.0
amecro,0.010976289,98.0,101.0
bushti,0.013047774,98.0,101.0
amerob,0.010607426,98.0,101.0
amegfi,0.061048392,98.0,101.0
daejun,0.2551238,98.0,101.0
tropar,0.038123757,98.0,101.0
bkbwar,0.011240363,98.0,101.0
yerwar,0.01130662,98.0,101.0
rucwar,0.02109114,98.0,101.0
bird1,0.9829569,99.0,102.0
reevir1,0.019579228,99.0,102.0
gockin,0.024002286,99.0,102.0
winwre3,0.012326152,99.0,102.0
herthr,0.013543107,99.0,102.0
amerob,0.0112157045,99.0,102.0
amegfi,0.01815882,99.0,102.0
daejun,0.067950465,99.0,102.0
whtspa,0.014590022,99.0,102.0
bkbwar,0.8953916,99.0,102.0
yerwar,0.011298903,99.0,102.0
bird1,0.9920869,100.0,103.0
reevir1,0.026109153,100.0,103.0
gockin,0.017334882,100.0,103.0
winwre3,0.011669003,100.0,103.0
herthr,0.014900098,100.0,103.0
amerob,0.014301078,100.0,103.0
daejun,0.19895305,100.0,103.0
whtspa,0.016072238,100.0,103.0
tropar,0.037408344,100.0,103.0
bkbwar,0.7924375,100.0,103.0
yerwar,0.0633107,100.0,103.0
bird1,0.99785733,101.0,104.0
reevir1,0.02353328,101.0,104.0
gockin,0.012679382,101.0,104.0
daejun,0.12644397,101.0,104.0
amered,0.010886692,101.0,104.0
cerwar,0.012037529,101.0,104.0
tropar,0.14551899,101.0,104.0
bkbwar,0.89407694,101.0,104.0
yelwar,0.012782249,101.0,104.0
yerwar,0.010027677,101.0,104.0
bird1,0.90542084,102.0,105.0
spofly1,0.05634513,102.0,105.0
daejun,0.012684481,102.0,105.0
bird1,0.87490076,103.0,106.0
spofly1,0.089512646,103.0,106.0
bird1,0.9659155,104.0,107.0
amerob,0.010483416,104.0,107.0
spofly1,0.09633467,104.0,107.0
daejun,0.012979986,104.0,107.0
whtspa,0.024925925,104.0,107.0
norcar,0.016468693,104.0,107.0
bird1,0.9528366,105.0,108.0
amerob,0.01231141,105.0,108.0
spofly1,0.010830243,105.0,108.0
daejun,0.012065834,105.0,108.0
whtspa,0.020201825,105.0,108.0
norcar,0.014559314,105.0,108.0
bird1,0.99025613,106.0,109.0
reevir1,0.012716356,106.0,109.0
daejun,0.026595626,106.0,109.0
amered,0.11082608,106.0,109.0
tropar,0.040069804,106.0,109.0
bkbwar,0.11718703,106.0,109.0
yelwar,0.014390179,106.0,109.0
sltred,0.037921328,106.0,109.0
bird1,0.97372293,107.0,110.0
grnvie1,0.014253344,107.0,110.0
reevir1,0.017103633,107.0,110.0
winwre3,0.05019065,107.0,110.0
bewwre,0.025023006,107.0,110.0
herthr,0.0144219715,107.0,110.0
amerob,0.010456581,107.0,110.0
daejun,0.04382238,107.0,110.0
bkbwar,0.8748112,107.0,110.0
bird1,0.99847585,108.0,111.0
grnvie1,0.027487446,108.0,111.0
silgul2,0.011250516,108.0,111.0
reevir1,0.033186685,108.0,111.0
bkcchi,0.01008445,108.0,111.0
winwre3,0.012869367,108.0,111.0
herthr,0.031965084,108.0,111.0
amerob,0.011606587,108.0,111.0
daejun,0.043745022,108.0,111.0
bkbwar,0.9681833,108.0,111.0
gchwar,0.015622413,108.0,111.0
bird1,0.9993802,109.0,112.0
grnvie1,0.010754535,109.0,112.0
reevir1,0.03645524,109.0,112.0
bkcchi,0.027004365,109.0,112.0
winwre3,0.029066576,109.0,112.0
herthr,0.022782562,109.0,112.0
amerob,0.0145284785,109.0,112.0
daejun,0.010379456,109.0,112.0
rewbla,0.016683789,109.0,112.0
ovenbi1,0.017440483,109.0,112.0
bkbwar,0.9895376,109.0,112.0
yerwar,0.010403129,109.0,112.0
bird1,0.99755085,110.0,113.0
grnvie1,0.026138054,110.0,113.0
reevir1,0.044484716,110.0,113.0
bkcchi,0.012120957,110.0,113.0
winwre3,0.01931015,110.0,113.0
herthr,0.028479658,110.0,113.0
amerob,0.012239581,110.0,113.0
daejun,0.0106021995,110.0,113.0
ovenbi1,0.01720884,110.0,113.0
bkbwar,0.9941158,110.0,113.0
yerwar,0.013102501,110.0,113.0
btnwar,0.014022977,110.0,113.0
bird1,0.9994219,111.0,114.0
grnvie1,0.073155865,111.0,114.0
reevir1,0.041495457,111.0,114.0
bkcchi,0.013519075,111.0,114.0
winwre3,0.019410772,111.0,114.0
herthr,0.025648925,111.0,114.0
amerob,0.012710167,111.0,114.0
daejun,0.048907302,111.0,114.0
ovenbi1,0.014031266,111.0,114.0
bkbwar,0.99701935,111.0,114.0
bird1,0.9596072,112.0,115.0
reevir1,0.017996078,112.0,115.0
amerob,0.010414347,112.0,115.0
daejun,0.12789865,112.0,115.0
tropar,0.055165354,112.0,115.0
bkbwar,0.7490493,112.0,115.0
yelwar,0.017266907,112.0,115.0
bird1,0.9743264,113.0,116.0
houfin,0.012806074,113.0,116.0
brespa,0.010792419,113.0,116.0
daejun,0.20633942,113.0,116.0
sonspa,0.01790697,113.0,116.0
indbun,0.054858282,113.0,116.0
bird1,0.43954912,114.0,117.0
