species_code,score,start_offset_sec,end_offset_sec
bird1,0.998579,0.0,3.0
shbpig,0.010805093,0.0,3.0
eawpew,0.015399344,0.0,3.0
reevir1,0.8796945,0.0,3.0
bkcchi,0.02408909,0.0,3.0
houwre,0.20819277,0.0,3.0
amerob,0.08449479,0.0,3.0
houfin,0.07042077,0.0,3.0
purfin,0.039755687,0.0,3.0
lesgol,0.01569159,0.0,3.0
amegfi,0.11807157,0.0,3.0
fiespa,0.04813957,0.0,3.0
whcspa,0.0381428,0.0,3.0
sonspa,0.72565407,0.0,3.0
rewbla,0.017979002,0.0,3.0
comyel,0.014950028,0.0,3.0
robgro,0.019011475,0.0,3.0
bkhgro,0.04194692,0.0,3.0
bird1,0.9996166,1.0,4.0
eawpew,0.0124835605,1.0,4.0
reevir1,0.96369874,1.0,4.0
amecro,0.017335825,1.0,4.0
bkcchi,0.014559,1.0,4.0
houwre,0.031620923,1.0,4.0
woothr,0.83135146,1.0,4.0
amerob,0.06729304,1.0,4.0
houfin,0.022163592,1.0,4.0
purfin,0.040183406,1.0,4.0
amegfi,0.08301411,1.0,4.0
fiespa,0.073933035,1.0,4.0
rucspa1,0.010736551,1.0,4.0
whcspa,0.010289749,1.0,4.0
sonspa,0.66815716,1.0,4.0
eastow,0.011716208,1.0,4.0
rewbla,0.02353477,1.0,4.0
comyel,0.012249176,1.0,4.0
robgro,0.024255363,1.0,4.0
bkhgro,0.012361795,1.0,4.0
bird1,0.9997055,2.0,5.0
reevir1,0.8208789,2.0,5.0
bkcchi,0.011965156,2.0,5.0
grycat,0.012018153,2.0,5.0
woothr,0.8800027,2.0,5.0
amerob,0.42738125,2.0,5.0
houspa,0.012261501,2.0,5.0
houfin,0.021067826,2.0,5.0
purfin,0.054039534,2.0,5.0
amegfi,0.8943344,2.0,5.0
fiespa,0.18058611,2.0,5.0
whcspa,0.011826956,2.0,5.0
sonspa,0.66192,2.0,5.0
eastow,0.01880864,2.0,5.0
rewbla,0.010699233,2.0,5.0
ovenbi1,0.17107831,2.0,5.0
comyel,0.035940494,2.0,5.0
prawar,0.023594394,2.0,5.0
robgro,0.045933913,2.0,5.0
bird1,0.99981016,3.0,6.0
eubeat1,0.011388134,3.0,6.0
bncfly,0.04012883,3.0,6.0
reevir1,0.87209207,3.0,6.0
chivir1,0.020696338,3.0,6.0
grycat,0.017741926,3.0,6.0
swathr,0.01962879,3.0,6.0
woothr,0.36184722,3.0,6.0
amerob,0.0372092,3.0,6.0
houfin,0.020393759,3.0,6.0
amegfi,0.65112394,3.0,6.0
sonspa,0.013073189,3.0,6.0
hoowar,0.871077,3.0,6.0
norcar,0.016007487,3.0,6.0
robgro,0.01252069,3.0,6.0
bird1,0.99997985,4.0,7.0
monqua,0.01674526,4.0,7.0
redjun,0.010487359,4.0,7.0
spodov,0.04898723,4.0,7.0
whwdov,0.72782797,4.0,7.0
phecuc1,0.015724087,4.0,7.0
grcfly,0.021734877,4.0,7.0
bncfly,0.04159715,4.0,7.0
reevir1,0.98387265,4.0,7.0
blujay,0.016424788,4.0,7.0
normoc,0.010850087,4.0,7.0
herthr,0.0653128,4.0,7.0
woothr,0.021669783,4.0,7.0
amerob,0.020746335,4.0,7.0
houfin,0.01047166,4.0,7.0
amegfi,0.8854681,4.0,7.0
yebcha,0.01587289,4.0,7.0
rewbla,0.011637084,4.0,7.0
grtgra,0.01180251,4.0,7.0
hoowar,0.8848048,4.0,7.0
norcar,0.016300352,4.0,7.0
robgro,0.0142442845,4.0,7.0
bird1,0.9999894,5.0,8.0
redjun,0.5011899,5.0,8.0
rthhum,0.02119944,5.0,8.0
eubeat1,0.011848983,5.0,8.0
bncfly,0.013860129,5.0,8.0
reevir1,0.9838616,5.0,8.0
woothr,0.6806719,5.0,8.0
amerob,0.020513527,5.0,8.0
cedwax,0.24652493,5.0,8.0
houspa,0.010024084,5.0,8.0
houfin,0.013231275,5.0,8.0
amegfi,0.98861814,5.0,8.0
hoowar,0.8806031,5.0,8.0
norcar,0.012216634,5.0,8.0
bird1,0.9999625,6.0,9.0
redjun,0.5762169,6.0,9.0
rthhum,0.02864622,6.0,9.0
aldfly,0.012546409,6.0,9.0
reevir1,0.9617214,6.0,9.0
veery,0.01024333,6.0,9.0
woothr,0.9421259,6.0,9.0
amerob,0.17448676,6.0,9.0
cedwax,0.21065225,6.0,9.0
houfin,0.01115224,6.0,9.0
amegfi,0.97890276,6.0,9.0
sonspa,0.018354202,6.0,9.0
comyel,0.48283482,6.0,9.0
norcar,0.015372564,6.0,9.0
robgro,0.02173382,6.0,9.0
bird1,0.99995905,7.0,10.0
redjun,0.3959219,7.0,10.0
rthhum,0.01795561,7.0,10.0
glwgul,0.011212599,7.0,10.0
eawpew,0.08578425,7.0,10.0
reevir1,0.9175833,7.0,10.0
amecro,0.015315102,7.0,10.0
woothr,0.83490044,7.0,10.0
amerob,0.077911295,7.0,10.0
cedwax,0.09316184,7.0,10.0
houspa,0.01048447,7.0,10.0
houfin,0.110518254,7.0,10.0
amegfi,0.99006397,7.0,10.0
fiespa,0.017170891,7.0,10.0
sonspa,0.016810477,7.0,10.0
bird1,0.9999235,8.0,11.0
comeid,0.03134166,8.0,11.0
redjun,0.07432813,8.0,11.0
warvir,0.030311234,8.0,11.0
reevir1,0.8047199,8.0,11.0
woothr,0.14116576,8.0,11.0
amerob,0.19387028,8.0,11.0
houfin,0.018218664,8.0,11.0
amegfi,0.9854073,8.0,11.0
comyel,0.019830506,8.0,11.0
hoowar,0.8664693,8.0,11.0
robgro,0.012880744,8.0,11.0
bird1,0.9999455,9.0,12.0
comeid,0.053933308,9.0,12.0
leabit,0.03624938,9.0,12.0
brdowl,0.010313376,9.0,12.0
warvir,0.018732334,9.0,12.0
reevir1,0.09608422,9.0,12.0
woothr,0.9032855,9.0,12.0
amerob,0.02524523,9.0,12.0
houfin,0.032949448,9.0,12.0
amegfi,0.9914048,9.0,12.0
fiespa,0.1332613,9.0,12.0
sonspa,0.023047205,9.0,12.0
rewbla,0.015744949,9.0,12.0
comyel,0.07115886,9.0,12.0
hoowar,0.8281454,9.0,12.0
robgro,0.011597669,9.0,12.0
bird1,0.9999826,10.0,13.0
leabit,0.126656,10.0,13.0
brdowl,0.02285577,10.0,13.0
eawpew,0.035435617,10.0,13.0
reevir1,0.85805804,10.0,13.0
bkcchi,0.018546868,10.0,13.0
woothr,0.7818996,10.0,13.0
amerob,0.034573395,10.0,13.0
houfin,0.026715476,10.0,13.0
amegfi,0.9966358,10.0,13.0
fiespa,0.010767036,10.0,13.0
sonspa,0.012710818,10.0,13.0
rewbla,0.011751167,10.0,13.0
comyel,0.069366395,10.0,13.0
hoowar,0.9132431,10.0,13.0
robgro,0.012780763,10.0,13.0
bird1,0.99982834,11.0,14.0
rtlhum,0.010982011,11.0,14.0
vehpar1,0.0142191835,11.0,14.0
reevir1,0.960964,11.0,14.0
carchi,0.012101907,11.0,14.0
bkcchi,0.05760134,11.0,14.0
rebnut,0.03217326,11.0,14.0
veery,0.010105034,11.0,14.0
woothr,0.2209856,11.0,14.0
amerob,0.014409406,11.0,14.0
eurrob1,0.0153192105,11.0,14.0
pingro,0.038672466,11.0,14.0
houfin,0.034353316,11.0,14.0
amegfi,0.9511599,11.0,14.0
fiespa,0.020957557,11.0,14.0
sonspa,0.119880795,11.0,14.0
rewbla,0.11095478,11.0,14.0
comyel,0.2719331,11.0,14.0
prawar,0.014662505,11.0,14.0
norcar,0.011113583,11.0,14.0
bird1,0.99988574,12.0,15.0
whcsap1,0.012149807,12.0,15.0
vehpar1,0.013290612,12.0,15.0
reevir1,0.43591484,12.0,15.0
carchi,0.012229283,12.0,15.0
bkcchi,0.029534943,12.0,15.0
carwre,0.012911135,12.0,15.0
herthr,0.011175533,12.0,15.0
woothr,0.8227481,12.0,15.0
amerob,0.0692553,12.0,15.0
eurrob1,0.017817613,12.0,15.0
houfin,0.080001555,12.0,15.0
amegfi,0.99336004,12.0,15.0
fiespa,0.027570115,12.0,15.0
sonspa,0.05134863,12.0,15.0
eastow,0.029047059,12.0,15.0
rewbla,0.033601325,12.0,15.0
ovenbi1,0.026156051,12.0,15.0
kenwar,0.020489952,12.0,15.0
comyel,0.18696584,12.0,15.0
btbwar,0.029734716,12.0,15.0
prawar,0.2445369,12.0,15.0
btnwar,0.021556098,12.0,15.0
norcar,0.015560914,12.0,15.0
bird1,0.9992374,13.0,16.0
reevir1,0.46617028,13.0,16.0
bkcchi,0.01730431,13.0,16.0
gretit1,0.012136915,13.0,16.0
carwre,0.010235744,13.0,16.0
grycat,0.010493987,13.0,16.0
herthr,0.010750841,13.0,16.0
woothr,0.85876083,13.0,16.0
eurbla,0.011199449,13.0,16.0
amerob,0.07544695,13.0,16.0
houfin,0.11874334,13.0,16.0
amegfi,0.89619684,13.0,16.0
fiespa,0.022344513,13.0,16.0
sonspa,0.057009105,13.0,16.0
rewbla,0.045535807,13.0,16.0
kenwar,0.019928308,13.0,16.0
hoowar,0.025634,13.0,16.0
norcar,0.021924898,13.0,16.0
robgro,0.010243979,13.0,16.0
bird1,0.99985415,14.0,17.0
rufgro,0.010137567,14.0,17.0
eawpew,0.01004551,14.0,17.0
acafly,0.08459676,14.0,17.0
reevir1,0.29267013,14.0,17.0
carwre,0.0126562,14.0,17.0
grycat,0.017934218,14.0,17.0
veery,0.010773753,14.0,17.0
woothr,0.8772717,14.0,17.0
amerob,0.08612938,14.0,17.0
houfin,0.10270913,14.0,17.0
amegfi,0.9935643,14.0,17.0
fiespa,0.014069837,14.0,17.0
sonspa,0.010347569,14.0,17.0
rewbla,0.027715733,14.0,17.0
hoowar,0.020332761,14.0,17.0
norcar,0.18969677,14.0,17.0
bird1,0.9999508,15.0,18.0
moudov,0.017827477,15.0,18.0
acafly,0.0100159105,15.0,18.0
warvir,0.010717803,15.0,18.0
reevir1,0.45866436,15.0,18.0
carwre,0.05236609,15.0,18.0
grycat,0.14880677,15.0,18.0
veery,0.028771687,15.0,18.0
swathr,0.018794375,15.0,18.0
woothr,0.038704097,15.0,18.0
amerob,0.105894364,15.0,18.0
houfin,0.022282308,15.0,18.0
amegfi,0.99811554,15.0,18.0
sonspa,0.02705191,15.0,18.0
comyel,0.015067384,15.0,18.0
hoowar,0.049378376,15.0,18.0
yelwar,0.010916688,15.0,18.0
norcar,0.23071098,15.0,18.0
robgro,0.029160159,15.0,18.0
bird1,0.9999157,16.0,19.0
acafly,0.0299886,16.0,19.0
aldfly,0.018377047,16.0,19.0
reevir1,0.85573816,16.0,19.0
grycat,0.21375795,16.0,19.0
woothr,0.06773785,16.0,19.0
amerob,0.021167178,16.0,19.0
amegfi,0.99510413,16.0,19.0
sonspa,0.91477513,16.0,19.0
eastow,0.010123591,16.0,19.0
comyel,0.28212854,16.0,19.0
hoowar,0.016616497,16.0,19.0
yelwar,0.011516094,16.0,19.0
prawar,0.013152706,16.0,19.0
norcar,0.17462176,16.0,19.0
robgro,0.013601911,16.0,19.0
bird1,0.9999707,17.0,20.0
rufgro,0.011246715,17.0,20.0
moudov,0.01885079,17.0,20.0
aldfly,0.016653573,17.0,20.0
reevir1,0.66964614,17.0,20.0
amecro,0.010230939,17.0,20.0
grycat,0.03878566,17.0,20.0
woothr,0.9561231,17.0,20.0
amerob,0.033674214,17.0,20.0
amegfi,0.99816835,17.0,20.0
fiespa,0.016446402,17.0,20.0
sonspa,0.8858489,17.0,20.0
eastow,0.014957627,17.0,20.0
rewbla,0.028444223,17.0,20.0
comyel,0.4459936,17.0,20.0
prawar,0.015908062,17.0,20.0
norcar,0.018597888,17.0,20.0
robgro,0.014684359,17.0,20.0
bird1,0.999975,18.0,21.0
rufgro,0.02858558,18.0,21.0
reevir1,0.451814,18.0,21.0
amecro,0.93776387,18.0,21.0
grycat,0.05853372,18.0,21.0
woothr,0.9738881,18.0,21.0
amerob,0.13706376,18.0,21.0
houfin,0.03823616,18.0,21.0
purfin,0.015695825,18.0,21.0
amegfi,0.9931771,18.0,21.0
fiespa,0.018364927,18.0,21.0
sonspa,0.8130794,18.0,21.0
rewbla,0.044976346,18.0,21.0
comyel,0.67309195,18.0,21.0
norcar,0.018582916,18.0,21.0
robgro,0.015695125,18.0,21.0
bird1,0.99987847,19.0,22.0
rufgro,0.02169922,19.0,22.0
warvir,0.010121655,19.0,22.0
reevir1,0.093556456,19.0,22.0
amecro,0.74533284,19.0,22.0
grycat,0.032448616,19.0,22.0
woothr,0.9484799,19.0,22.0
amerob,0.09981932,19.0,22.0
houfin,0.038356945,19.0,22.0
amegfi,0.99012333,19.0,22.0
fiespa,0.0452266,19.0,22.0
sonspa,0.02809596,19.0,22.0
rewbla,0.047718763,19.0,22.0
comyel,0.8831767,19.0,22.0
norcar,0.020430582,19.0,22.0
robgro,0.012157617,19.0,22.0
bird1,0.9997803,20.0,23.0
warvir,0.016856179,20.0,23.0
reevir1,0.2692285,20.0,23.0
amecro,0.8673963,20.0,23.0
grycat,0.02863513,20.0,23.0
woothr,0.010557266,20.0,23.0
amerob,0.07981367,20.0,23.0
houfin,0.022306975,20.0,23.0
purfin,0.013122841,20.0,23.0
amegfi,0.9862865,20.0,23.0
fiespa,0.10636324,20.0,23.0
sonspa,0.019991016,20.0,23.0
eastow,0.011992014,20.0,23.0
rewbla,0.01759213,20.0,23.0
comyel,0.57025903,20.0,23.0
hoowar,0.04696527,20.0,23.0
magwar,0.024571318,20.0,23.0
chswar,0.010661551,20.0,23.0
robgro,0.015850069,20.0,23.0
bird1,0.99996495,21.0,24.0
reevir1,0.10523352,21.0,24.0
amecro,0.0113342805,21.0,24.0
bkcchi,0.010022257,21.0,24.0
grycat,0.029222878,21.0,24.0
woothr,0.05449071,21.0,24.0
amerob,0.02465244,21.0,24.0
cedwax,0.05420038,21.0,24.0
amegfi,0.8386631,21.0,24.0
fiespa,0.99981904,21.0,24.0
sonspa,0.014186937,21.0,24.0
eastow,0.032341335,21.0,24.0
yebcha,0.0103457915,21.0,24.0
rewbla,0.06714915,21.0,24.0
comyel,0.53112864,21.0,24.0
hoowar,0.16653855,21.0,24.0
magwar,0.056132637,21.0,24.0
chswar,0.015879797,21.0,24.0
scatan,0.0119058415,21.0,24.0
robgro,0.012533886,21.0,24.0
indbun,0.026214244,21.0,24.0
bird1,0.9999806,22.0,25.0
cangoo,0.011003385,22.0,25.0
redjun,0.03884746,22.0,25.0
easwpw1,0.010384939,22.0,25.0
acafly,0.017336791,22.0,25.0
reevir1,0.082544304,22.0,25.0
amecro,0.014347195,22.0,25.0
woothr,0.038853724,22.0,25.0
amerob,0.011212458,22.0,25.0
cedwax,0.08719967,22.0,25.0
amegfi,0.9294373,22.0,25.0
fiespa,0.99967116,22.0,25.0
eastow,0.027473897,22.0,25.0
yebcha,0.010944133,22.0,25.0
rewbla,0.024260176,22.0,25.0
comyel,0.22284812,22.0,25.0
hoowar,0.14020982,22.0,25.0
magwar,0.1638133,22.0,25.0
chswar,0.017931094,22.0,25.0
robgro,0.021205328,22.0,25.0
indbun,0.02023963,22.0,25.0
bird1,0.9998123,23.0,26.0
wiltur,0.056126762,23.0,26.0
redjun,0.2295617,23.0,26.0
reevir1,0.8696797,23.0,26.0
amecro,0.018354047,23.0,26.0
woothr,0.033396974,23.0,26.0
amerob,0.070090316,23.0,26.0
cedwax,0.15234363,23.0,26.0
amegfi,0.4411444,23.0,26.0
fiespa,0.9985879,23.0,26.0
sonspa,0.011820654,23.0,26.0
eastow,0.0161925,23.0,26.0
rewbla,0.03275185,23.0,26.0
comyel,0.024361841,23.0,26.0
amered,0.010063217,23.0,26.0
robgro,0.014203987,23.0,26.0
indbun,0.018121725,23.0,26.0
bird1,0.9998463,24.0,27.0
cangoo,0.011622242,24.0,27.0
redjun,0.22485828,24.0,27.0
reevir1,0.7315889,24.0,27.0
amecro,0.86570805,24.0,27.0
bkcchi,0.010361887,24.0,27.0
amerob,0.02825015,24.0,27.0
houfin,0.013718596,24.0,27.0
amegfi,0.9908266,24.0,27.0
fiespa,0.711247,24.0,27.0
sonspa,0.019054823,24.0,27.0
eastow,0.010237024,24.0,27.0
comyel,0.020225067,24.0,27.0
prawar,0.010630964,24.0,27.0
robgro,0.015081077,24.0,27.0
bird1,0.99957013,25.0,28.0
redjun,0.21442673,25.0,28.0
chwwid,0.010233045,25.0,28.0
eawpew,0.017068608,25.0,28.0
warvir,0.014334726,25.0,28.0
reevir1,0.70343935,25.0,28.0
amecro,0.9438908,25.0,28.0
grycat,0.0116362125,25.0,28.0
woothr,0.59803355,25.0,28.0
amerob,0.03597024,25.0,28.0
houfin,0.0148670925,25.0,28.0
purfin,0.016519755,25.0,28.0
amegfi,0.5036615,25.0,28.0
fiespa,0.016078657,25.0,28.0
sonspa,0.01291218,25.0,28.0
comyel,0.1364058,25.0,28.0
hoowar,0.63193333,25.0,28.0
norcar,0.014024077,25.0,28.0
robgro,0.018475145,25.0,28.0
bird1,0.99978656,26.0,29.0
redjun,0.34931985,26.0,29.0
eawpew,0.021351077,26.0,29.0
warvir,0.040449377,26.0,29.0
reevir1,0.5571877,26.0,29.0
amecro,0.9186646,26.0,29.0
swathr,0.012258844,26.0,29.0
woothr,0.3521172,26.0,29.0
amerob,0.035521038,26.0,29.0
cedwax,0.43597576,26.0,29.0
houfin,0.04893384,26.0,29.0
purfin,0.010837432,26.0,29.0
amegfi,0.072171256,26.0,29.0
fiespa,0.012782695,26.0,29.0
rucspa1,0.011573576,26.0,29.0
hoowar,0.86801493,26.0,29.0
norcar,0.023225136,26.0,29.0
robgro,0.016122717,26.0,29.0
bkhgro,0.012497936,26.0,29.0
bird1,0.9999345,27.0,30.0
eawpew,0.012859758,27.0,30.0
warvir,0.10723182,27.0,30.0
reevir1,0.8430954,27.0,30.0
amecro,0.8771945,27.0,30.0
woothr,0.29649362,27.0,30.0
amerob,0.4025811,27.0,30.0
cedwax,0.21893698,27.0,30.0
hoowar,0.8807173,27.0,30.0
magwar,0.011722726,27.0,30.0
robgro,0.012086258,27.0,30.0
bird1,0.9997711,28.0,31.0
eawpew,0.98570013,28.0,31.0
warvir,0.013819057,28.0,31.0
reevir1,0.9321055,28.0,31.0
amecro,0.15649664,28.0,31.0
bkcchi,0.01667234,28.0,31.0
amerob,0.3643939,28.0,31.0
cedwax,0.3704061,28.0,31.0
scatan,0.02603146,28.0,31.0
robgro,0.0800385,28.0,31.0
bkhgro,0.041642513,28.0,31.0
bird1,0.9992633,29.0,32.0
norfli,0.012975106,29.0,32.0
eawpew,0.94932824,29.0,32.0
reevir1,0.93331283,29.0,32.0
bkcchi,0.010352404,29.0,32.0
rebnut,0.014737135,29.0,32.0
veery,0.015097907,29.0,32.0
woothr,0.96630126,29.0,32.0
amerob,0.08491099,29.0,32.0
comyel,0.023957994,29.0,32.0
scatan,0.022284742,29.0,32.0
robgro,0.05483024,29.0,32.0
bkhgro,0.03778221,29.0,32.0
bird1,0.9993889,30.0,33.0
eawpew,0.9686395,30.0,33.0
reevir1,0.77638847,30.0,33.0
bkcchi,0.018760368,30.0,33.0
veery,0.011220184,30.0,33.0
woothr,0.9741778,30.0,33.0
amerob,0.04625071,30.0,33.0
fiespa,0.010319748,30.0,33.0
sonspa,0.4195941,30.0,33.0
eastow,0.013486388,30.0,33.0
rewbla,0.011137573,30.0,33.0
comyel,0.010453232,30.0,33.0
scatan,0.022044715,30.0,33.0
norcar,0.012412183,30.0,33.0
robgro,0.10166964,30.0,33.0
bkhgro,0.033283155,30.0,33.0
indbun,0.02027558,30.0,33.0
bird1,0.9996162,31.0,34.0
eawpew,0.011506051,31.0,34.0
whevir,0.010246639,31.0,34.0
yetvir,0.022059867,31.0,34.0
warvir,0.025041768,31.0,34.0
reevir1,0.73072565,31.0,34.0
amecro,0.012613715,31.0,34.0
comchi1,0.010066196,31.0,34.0
woothr,0.9501025,31.0,34.0
amerob,0.041405298,31.0,34.0
sonspa,0.22504976,31.0,34.0
eastow,0.0104518365,31.0,34.0
woewar1,0.0113968775,31.0,34.0
swawar,0.17305627,31.0,34.0
kenwar,0.0170535,31.0,34.0
hoowar,0.9261034,31.0,34.0
amered,0.01083176,31.0,34.0
norcar,0.017474664,31.0,34.0
robgro,0.015318197,31.0,34.0
bird1,0.99979204,32.0,35.0
norbob,0.749292,32.0,35.0
phecuc1,0.018240046,32.0,35.0
eawpew,0.03889914,32.0,35.0
acafly,0.031759437,32.0,35.0
grcfly,0.015198509,32.0,35.0
whevir,0.011692845,32.0,35.0
warvir,0.043150786,32.0,35.0
reevir1,0.19210215,32.0,35.0
amecro,0.34514648,32.0,35.0
carwre,0.012463257,32.0,35.0
woothr,0.03493216,32.0,35.0
eurbla,0.022596015,32.0,35.0
amerob,0.286445,32.0,35.0
houfin,0.0921631,32.0,35.0
amegfi,0.04211775,32.0,35.0
fiespa,0.09621324,32.0,35.0
sonspa,0.30489397,32.0,35.0
eastow,0.020512225,32.0,35.0
yebcha,0.098535,32.0,35.0
rewbla,0.084596194,32.0,35.0
swawar,0.05402023,32.0,35.0
hoowar,0.85156876,32.0,35.0
norcar,0.04845042,32.0,35.0
indbun,0.016934289,32.0,35.0
bird1,0.9999639,33.0,36.0
eawpew,0.021511775,33.0,36.0
acafly,0.037863363,33.0,36.0
easpho,0.011802821,33.0,36.0
warvir,0.029108912,33.0,36.0
reevir1,0.9852134,33.0,36.0
amecro,0.9405227,33.0,36.0
carchi,0.010769348,33.0,36.0
bkcchi,0.091013126,33.0,36.0
woothr,0.95327735,33.0,36.0
amerob,0.02292001,33.0,36.0
houfin,0.03094789,33.0,36.0
amegfi,0.0941933,33.0,36.0
chispa,0.010947113,33.0,36.0
fiespa,0.039970275,33.0,36.0
sonspa,0.032396674,33.0,36.0
rewbla,0.015120145,33.0,36.0
comyel,0.11647569,33.0,36.0
hoowar,0.102776855,33.0,36.0
bird1,0.99999344,34.0,37.0
eawpew,0.015060811,34.0,37.0
reevir1,0.9715659,34.0,37.0
blujay,0.013212659,34.0,37.0
amecro,0.8687981,34.0,37.0
bkcchi,0.16323194,34.0,37.0
woothr,0.93107533,34.0,37.0
amerob,0.0113464855,34.0,37.0
houfin,0.014570675,34.0,37.0
amegfi,0.22173999,34.0,37.0
clcspa,0.012359227,34.0,37.0
fiespa,0.98549765,34.0,37.0
sonspa,0.05035247,34.0,37.0
eastow,0.016042216,34.0,37.0
comyel,0.016501412,34.0,37.0
prawar,0.395957,34.0,37.0
btnwar,0.11646018,34.0,37.0
robgro,0.01358578,34.0,37.0
indbun,0.019377606,34.0,37.0
bird1,0.99998033,35.0,38.0
eawpew,0.011974208,35.0,38.0
reevir1,0.9798763,35.0,38.0
blujay,0.024204845,35.0,38.0
amecro,0.89587843,35.0,38.0
bkcchi,0.091135785,35.0,38.0
tuftit,0.012280311,35.0,38.0
grycat,0.035915792,35.0,38.0
herthr,0.024232544,35.0,38.0
woothr,0.55792046,35.0,38.0
amerob,0.015135632,35.0,38.0
amegfi,0.019895213,35.0,38.0
fiespa,0.9930059,35.0,38.0
whtspa,0.020237861,35.0,38.0
sonspa,0.012555593,35.0,38.0
rewbla,0.016715068,35.0,38.0
comyel,0.012583706,35.0,38.0
chswar,0.0113640865,35.0,38.0
norcar,0.010716457,35.0,38.0
robgro,0.014837167,35.0,38.0
indbun,0.011875303,35.0,38.0
bird1,0.9998893,36.0,39.0
bkbcuc,0.010786313,36.0,39.0
eawpew,0.016758746,36.0,39.0
warvir,0.024949191,36.0,39.0
reevir1,0.93302196,36.0,39.0
amecro,0.7938174,36.0,39.0
grycat,0.076523356,36.0,39.0
swathr,0.034880854,36.0,39.0
woothr,0.039342992,36.0,39.0
amerob,0.088320486,36.0,39.0
fiespa,0.9617838,36.0,39.0
sonspa,0.025661752,36.0,39.0
rewbla,0.015701247,36.0,39.0
comyel,0.01776698,36.0,39.0
hoowar,0.174704,36.0,39.0
amered,0.010828358,36.0,39.0
chswar,0.013061906,36.0,39.0
norcar,0.018006783,36.0,39.0
robgro,0.1267008,36.0,39.0
indbun,0.022568317,36.0,39.0
bird1,0.99819946,37.0,40.0
redjun,0.021754213,37.0,40.0
asikoe2,0.023980873,37.0,40.0
asikoe3,0.030767499,37.0,40.0
indcuc1,0.010291628,37.0,40.0
acafly,0.014682055,37.0,40.0
lesgre1,0.015750883,37.0,40.0
reevir1,0.83573526,37.0,40.0
rawwre1,0.010986285,37.0,40.0
swathr,0.019171407,37.0,40.0
woothr,0.028100614,37.0,40.0
amerob,0.04118199,37.0,40.0
mawthr1,0.024171863,37.0,40.0
houfin,0.01198946,37.0,40.0
amegfi,0.028427038,37.0,40.0
fiespa,0.33580837,37.0,40.0
rucspa1,0.012864377,37.0,40.0
rewbla,0.014546273,37.0,40.0
hoowar,0.63436085,37.0,40.0
norcar,0.010506992,37.0,40.0
robgro,0.02098546,37.0,40.0
bird1,0.9960903,38.0,41.0
cangoo,0.18473929,38.0,41.0
relser1,0.01073994,38.0,41.0
acafly,0.015453909,38.0,41.0
easpho,0.011973965,38.0,41.0
lesgre1,0.01142711,38.0,41.0
reevir1,0.9159148,38.0,41.0
carwre,0.016928231,38.0,41.0
swathr,0.03393751,38.0,41.0
woothr,0.04663836,38.0,41.0
amerob,0.096493445,38.0,41.0
rewbla,0.08507953,38.0,41.0
hoowar,0.5467525,38.0,41.0
norcar,0.025000868,38.0,41.0
robgro,0.011659366,38.0,41.0
bird1,0.99833685,39.0,42.0
cangoo,0.119724475,39.0,42.0
norbob,0.022722384,39.0,42.0
phecuc1,0.03766209,39.0,42.0
whbant3,0.01392607,39.0,42.0
acafly,0.036946096,39.0,42.0
easpho,0.014349475,39.0,42.0
reevir1,0.783015,39.0,42.0
amecro,0.010259525,39.0,42.0
tuftit,0.015916321,39.0,42.0
bfbwar1,0.019028159,39.0,42.0
carwre,0.010425804,39.0,42.0
herthr,0.03320365,39.0,42.0
woothr,0.18846478,39.0,42.0
amerob,0.03496876,39.0,42.0
rucspa1,0.0116499085,39.0,42.0
rewbla,0.06521912,39.0,42.0
comyel,0.013677521,39.0,42.0
hoowar,0.7452241,39.0,42.0
norcar,0.01895895,39.0,42.0
bird1,0.9997077,40.0,43.0
taibar2,0.011485827,40.0,43.0
eawpew,0.016928678,40.0,43.0
reevir1,0.9825787,40.0,43.0
amecro,0.75803596,40.0,43.0
bkcchi,0.03691021,40.0,43.0
herthr,0.019293943,40.0,43.0
woothr,0.93596596,40.0,43.0
amerob,0.06864452,40.0,43.0
sonspa,0.012406754,40.0,43.0
rewbla,0.011659438,40.0,43.0
norcar,0.015282641,40.0,43.0
robgro,0.010247597,40.0,43.0
bird1,0.99994147,41.0,44.0
wiltur,0.022781488,41.0,44.0
rufgro,0.032094255,41.0,44.0
redjun,0.05745358,41.0,44.0
spodov,0.011802498,41.0,44.0
whwdov,0.0342944,41.0,44.0
brdowl,0.012832295,41.0,44.0
reevir1,0.997226,41.0,44.0
blujay,0.011494471,41.0,44.0
amecro,0.8833907,41.0,44.0
bkcchi,0.05270697,41.0,44.0
herthr,0.022556141,41.0,44.0
woothr,0.9082029,41.0,44.0
amerob,0.010465806,41.0,44.0
sonspa,0.35280442,41.0,44.0
norcar,0.014404315,41.0,44.0
bird1,0.999807,42.0,45.0
redjun,0.5229061,42.0,45.0
reevir1,0.98891765,42.0,45.0
amecro,0.7213404,42.0,45.0
bkcchi,0.029982066,42.0,45.0
veery,0.010012805,42.0,45.0
herthr,0.04746931,42.0,45.0
woothr,0.5992035,42.0,45.0
clcrob,0.0105706975,42.0,45.0
amerob,0.0113427,42.0,45.0
cedwax,0.09865596,42.0,45.0
sonspa,0.13574138,42.0,45.0
eastow,0.011886286,42.0,45.0
norcar,0.014200748,42.0,45.0
bird1,0.99997914,43.0,46.0
redjun,0.5973683,43.0,46.0
whwdov,0.0117986575,43.0,46.0
reevir1,0.91537046,43.0,46.0
blujay,0.011078914,43.0,46.0
amecro,0.26524884,43.0,46.0
bkcchi,0.027135633,43.0,46.0
tuftit,0.011342683,43.0,46.0
buggna,0.018866623,43.0,46.0
grycat,0.013234717,43.0,46.0
swathr,0.012968324,43.0,46.0
woothr,0.45253924,43.0,46.0
eurbla,0.010299513,43.0,46.0
amerob,0.020101931,43.0,46.0
cedwax,0.14826587,43.0,46.0
fiespa,0.90842444,43.0,46.0
rucspa1,0.03173257,43.0,46.0
sonspa,0.15362687,43.0,46.0
eastow,0.017028244,43.0,46.0
easmea,0.018718824,43.0,46.0
rewbla,0.038032807,43.0,46.0
melbla1,0.014316815,43.0,46.0
norcar,0.016049843,43.0,46.0
robgro,0.012794283,43.0,46.0
bkhgro,0.019800406,43.0,46.0
indbun,0.01401568,43.0,46.0
bird1,0.9999375,44.0,47.0
redjun,0.44543663,44.0,47.0
whtdov,0.024556754,44.0,47.0
moudov,0.010337003,44.0,47.0
easwpw1,0.020205563,44.0,47.0
reevir1,0.5942049,44.0,47.0
blujay,0.010486216,44.0,47.0
amecro,0.0175148,44.0,47.0
houwre4,0.010719764,44.0,47.0
grycat,0.023015719,44.0,47.0
woothr,0.7618647,44.0,47.0
amerob,0.09166471,44.0,47.0
cedwax,0.26891845,44.0,47.0
houspa,0.01337084,44.0,47.0
houfin,0.015517561,44.0,47.0
amegfi,0.048984714,44.0,47.0
fiespa,0.9690756,44.0,47.0
rucspa1,0.010335689,44.0,47.0
sonspa,0.03486575,44.0,47.0
eastow,0.019302545,44.0,47.0
rewbla,0.022597583,44.0,47.0
comyel,0.026611945,44.0,47.0
yelwar,0.010891556,44.0,47.0
norcar,0.015541897,44.0,47.0
robgro,0.023827264,44.0,47.0
bkhgro,0.014665797,44.0,47.0
indbun,0.017243536,44.0,47.0
bird1,0.9999547,45.0,48.0
redjun,0.5706953,45.0,48.0
whtdov,0.024449384,45.0,48.0
easwpw1,0.029619984,45.0,48.0
acafly,0.22889823,45.0,48.0
leafly,0.014796046,45.0,48.0
whevir,0.014086753,45.0,48.0
reevir1,0.70761114,45.0,48.0
blujay,0.010490022,45.0,48.0
amecro,0.011306231,45.0,48.0
rebnut,0.010516655,45.0,48.0
carwre,0.010140751,45.0,48.0
grycat,0.012354357,45.0,48.0
woothr,0.97861695,45.0,48.0
amerob,0.15186487,45.0,48.0
amegfi,0.039627153,45.0,48.0
fiespa,0.9814883,45.0,48.0
rucspa1,0.0110383155,45.0,48.0
sonspa,0.01552966,45.0,48.0
eastow,0.018909207,45.0,48.0
rewbla,0.018294048,45.0,48.0
ovenbi1,0.014171895,45.0,48.0
comyel,0.035671942,45.0,48.0
norcar,0.016649192,45.0,48.0
robgro,0.036001943,45.0,48.0
indbun,0.018431757,45.0,48.0
bird1,0.999838,46.0,49.0
easwpw1,0.02001187,46.0,49.0
eawpew,0.09105219,46.0,49.0
acafly,0.20165811,46.0,49.0
wilfly,0.02046515,46.0,49.0
whevir,0.016580693,46.0,49.0
warvir,0.030140165,46.0,49.0
reevir1,0.75498396,46.0,49.0
amecro,0.014923894,46.0,49.0
tuftit,0.011051832,46.0,49.0
rebnut,0.011023776,46.0,49.0
carwre,0.022830337,46.0,49.0
grycat,0.011210422,46.0,49.0
veery,0.010364111,46.0,49.0
woothr,0.7970499,46.0,49.0
amerob,0.12366487,46.0,49.0
cedwax,0.21160895,46.0,49.0
houfin,0.02399331,46.0,49.0
amegfi,0.03772678,46.0,49.0
fiespa,0.94944423,46.0,49.0
sonspa,0.016594183,46.0,49.0
eastow,0.015256865,46.0,49.0
yebcha,0.010519661,46.0,49.0
comyel,0.04312959,46.0,49.0
norcar,0.02040927,46.0,49.0
indbun,0.020265207,46.0,49.0
bird1,0.9999493,47.0,50.0
eawpew,0.709133,47.0,50.0
acafly,0.056179557,47.0,50.0
wilfly,0.014188505,47.0,50.0
reevir1,0.95611525,47.0,50.0
amecro,0.02352982,47.0,50.0
bkcchi,0.010999369,47.0,50.0
rebnut,0.01640077,47.0,50.0
veery,0.010097576,47.0,50.0
woothr,0.9729372,47.0,50.0
amerob,0.048549697,47.0,50.0
cedwax,0.39320296,47.0,50.0
houfin,0.011489538,47.0,50.0
amegfi,0.034101605,47.0,50.0
fiespa,0.20037517,47.0,50.0
whcspa,0.02468751,47.0,50.0
sonspa,0.027544796,47.0,50.0
eastow,0.010584761,47.0,50.0
yebcha,0.0109606115,47.0,50.0
comyel,0.099507175,47.0,50.0
indbun,0.26485163,47.0,50.0
bird1,0.9999763,48.0,51.0
chwwid,0.05970541,48.0,51.0
easwpw1,0.011207653,48.0,51.0
eawpew,0.92350924,48.0,51.0
reevir1,0.9941273,48.0,51.0
amecro,0.016624268,48.0,51.0
bkcchi,0.014122654,48.0,51.0
woothr,0.73756844,48.0,51.0
cedwax,0.20878127,48.0,51.0
fiespa,0.011641357,48.0,51.0
rucspa1,0.010662189,48.0,51.0
sonspa,0.012244598,48.0,51.0
norcar,0.012801832,48.0,51.0
indbun,0.17319314,48.0,51.0
bird1,0.9999495,49.0,52.0
chwwid,0.015384861,49.0,52.0
eawpew,0.8056085,49.0,52.0
acafly,0.013792919,49.0,52.0
reevir1,0.9919022,49.0,52.0
amecro,0.020511964,49.0,52.0
woothr,0.76223713,49.0,52.0
amerob,0.0243405,49.0,52.0
fiespa,0.02897042,49.0,52.0
sonspa,0.012190997,49.0,52.0
rewbla,0.022377258,49.0,52.0
comyel,0.010189159,49.0,52.0
norcar,0.010115061,49.0,52.0
indbun,0.3769927,49.0,52.0
bird1,0.9997687,50.0,53.0
wiltur,0.010160484,50.0,53.0
whtdov,0.013711166,50.0,53.0
yebsap,0.010564655,50.0,53.0
acafly,0.081068024,50.0,53.0
reevir1,0.98169315,50.0,53.0
grycat,0.017132103,50.0,53.0
woothr,0.01376578,50.0,53.0
amerob,0.030179769,50.0,53.0
rewbla,0.021713011,50.0,53.0
norwat,0.010725737,50.0,53.0
kenwar,0.010512399,50.0,53.0
comyel,0.019586656,50.0,53.0
hoowar,0.69170237,50.0,53.0
norcar,0.020734016,50.0,53.0
indbun,0.19617955,50.0,53.0
bird1,0.9991402,51.0,54.0
eucdov,0.014416429,51.0,54.0
whtdov,0.07222737,51.0,54.0
moudov,0.026693458,51.0,54.0
eawpew,0.012599498,51.0,54.0
reevir1,0.87510157,51.0,54.0
bkcchi,0.019999413,51.0,54.0
bushti,0.03275546,51.0,54.0
herthr,0.5230829,51.0,54.0
woothr,0.21431479,51.0,54.0
amerob,0.25049296,51.0,54.0
cedwax,0.0391405,51.0,54.0
fiespa,0.06335516,51.0,54.0
whtspa,0.017250633,51.0,54.0
sonspa,0.010278936,51.0,54.0
rewbla,0.021594584,51.0,54.0
comyel,0.031637963,51.0,54.0
hoowar,0.2695663,51.0,54.0
yerwar,0.014345105,51.0,54.0
norcar,0.023378221,51.0,54.0
indbun,0.03999493,51.0,54.0
bird1,0.9998597,52.0,55.0
reevir1,0.99026865,52.0,55.0
bkcchi,0.020750282,52.0,55.0
herthr,0.035520203,52.0,55.0
woothr,0.8477422,52.0,55.0
amerob,0.01872682,52.0,55.0
cedwax,0.16357,52.0,55.0
fiespa,0.010299363,52.0,55.0
hoowar,0.31240803,52.0,55.0
yerwar,0.02095325,52.0,55.0
norcar,0.01510263,52.0,55.0
indbun,0.013942822,52.0,55.0
bird1,0.9998951,53.0,56.0
whtdov,0.02256093,53.0,56.0
rthhum,0.010403154,53.0,56.0
eawpew,0.0103785535,53.0,56.0
reevir1,0.9816737,53.0,56.0
bkcchi,0.04104019,53.0,56.0
woothr,0.92318463,53.0,56.0
amerob,0.020820513,53.0,56.0
cedwax,0.17570657,53.0,56.0
amegfi,0.058657035,53.0,56.0
fiespa,0.37504023,53.0,56.0
rewbla,0.011841453,53.0,56.0
comyel,0.020184325,53.0,56.0
hoowar,0.30568296,53.0,56.0
norcar,0.020335848,53.0,56.0
indbun,0.01332286,53.0,56.0
bird1,0.99992883,54.0,57.0
whtdov,0.017044319,54.0,57.0
eawpew,0.022586621,54.0,57.0
reevir1,0.9885534,54.0,57.0
amecro,0.652872,54.0,57.0
bkcchi,0.054975457,54.0,57.0
buggna,0.010202219,54.0,57.0
woothr,0.050584048,54.0,57.0
amerob,0.030007811,54.0,57.0
cedwax,0.17076188,54.0,57.0
amegfi,0.043019373,54.0,57.0
fiespa,0.7897391,54.0,57.0
rucspa1,0.0120277265,54.0,57.0
sonspa,0.057913728,54.0,57.0
norcar,0.01043228,54.0,57.0
robgro,0.017637283,54.0,57.0
bkhgro,0.10761917,54.0,57.0
bird1,0.999947,55.0,58.0
cangoo,0.010218195,55.0,58.0
whtdov,0.013299081,55.0,58.0
reevir1,0.9829331,55.0,58.0
amecro,0.8766231,55.0,58.0
bkcchi,0.018773932,55.0,58.0
rebnut,0.013841182,55.0,58.0
buggna,0.017579641,55.0,58.0
grycat,0.023213618,55.0,58.0
herthr,0.014318256,55.0,58.0
woothr,0.48296785,55.0,58.0
amerob,0.030845193,55.0,58.0
amegfi,0.36493334,55.0,58.0
fiespa,0.8031589,55.0,58.0
rucspa1,0.015403842,55.0,58.0
sonspa,0.017751127,55.0,58.0
eastow,0.010609189,55.0,58.0
rewbla,0.0156104285,55.0,58.0
comyel,0.0143049965,55.0,58.0
norcar,0.017101351,55.0,58.0
robgro,0.027379513,55.0,58.0
bkhgro,0.020581465,55.0,58.0
indbun,0.010425912,55.0,58.0
bird1,0.99991965,56.0,59.0
eawpew,0.013539891,56.0,59.0
easkin,0.019959934,56.0,59.0
reevir1,0.9764478,56.0,59.0
blujay,0.01501503,56.0,59.0
amecro,0.90207964,56.0,59.0
bkcchi,0.020490061,56.0,59.0
tuftit,0.0135083115,56.0,59.0
buggna,0.011726113,56.0,59.0
carwre,0.011100977,56.0,59.0
grycat,0.011965392,56.0,59.0
woothr,0.2445565,56.0,59.0
amerob,0.02231535,56.0,59.0
cedwax,0.010736631,56.0,59.0
purfin,0.013314419,56.0,59.0
amegfi,0.03246831,56.0,59.0
fiespa,0.14911993,56.0,59.0
rucspa1,0.029075589,56.0,59.0
whcspa,0.12555446,56.0,59.0
sonspa,0.09702207,56.0,59.0
spotow,0.012710088,56.0,59.0
eastow,0.023880213,56.0,59.0
rewbla,0.019185364,56.0,59.0
comyel,0.018138027,56.0,59.0
chswar,0.017353218,56.0,59.0
norcar,0.012028151,56.0,59.0
robgro,0.011915573,56.0,59.0
bkhgro,0.0108339265,56.0,59.0
indbun,0.026138626,56.0,59.0
bird1,0.99996006,57.0,60.0
redjun,0.010946704,57.0,60.0
dowwoo,0.014555537,57.0,60.0
eawpew,0.025590634,57.0,60.0
wesfly,0.0918258,57.0,60.0
warvir,0.040239766,57.0,60.0
reevir1,0.9793731,57.0,60.0
blujay,0.01891898,57.0,60.0
amecro,0.7307718,57.0,60.0
comrav,0.0136870695,57.0,60.0
ruckin,0.013672653,57.0,60.0
woothr,0.09244615,57.0,60.0
purfin,0.11829583,57.0,60.0
fiespa,0.027308282,57.0,60.0
rucspa1,0.013412944,57.0,60.0
sonspa,0.010353113,57.0,60.0
hoowar,0.68068755,57.0,60.0
btnwar,0.013951841,57.0,60.0
bird1,0.99991566,58.0,61.0
wiltur,0.01618511,58.0,61.0
eawpew,0.039661314,58.0,61.0
wesfly,0.072091036,58.0,61.0
warvir,0.024205115,58.0,61.0
reevir1,0.98669475,58.0,61.0
amecro,0.31865075,58.0,61.0
bkcchi,0.01324797,58.0,61.0
veery,0.030814506,58.0,61.0
woothr,0.018712452,58.0,61.0
cedwax,0.030235384,58.0,61.0
houfin,0.010254451,58.0,61.0
lesgol,0.057774194,58.0,61.0
fiespa,0.98018104,58.0,61.0
rucspa1,0.011531877,58.0,61.0
sonspa,0.010878212,58.0,61.0
yebcha,0.027156474,58.0,61.0
hoowar,0.3278698,58.0,61.0
norcar,0.012288238,58.0,61.0
indbun,0.0116604045,58.0,61.0
bird1,0.99984646,59.0,62.0
easwpw1,0.01113323,59.0,62.0
eawpew,0.010890882,59.0,62.0
wesfly,0.08775518,59.0,62.0
whevir,0.026321163,59.0,62.0
warvir,0.051242623,59.0,62.0
reevir1,0.7128762,59.0,62.0
blujay,0.011471582,59.0,62.0
amecro,0.010508212,59.0,62.0
carwre,0.012808336,59.0,62.0
veery,0.015746368,59.0,62.0
woothr,0.8909034,59.0,62.0
amerob,0.08102331,59.0,62.0
cedwax,0.1941115,59.0,62.0
houspa,0.010164849,59.0,62.0
houfin,0.011700099,59.0,62.0
amegfi,0.013186381,59.0,62.0
fiespa,0.98494697,59.0,62.0
rucspa1,0.021660354,59.0,62.0
sonspa,0.016712788,59.0,62.0
eastow,0.023846548,59.0,62.0
yebcha,0.02986462,59.0,62.0
comyel,0.016339982,59.0,62.0
hoowar,0.20689327,59.0,62.0
norcar,0.011430424,59.0,62.0
indbun,0.019228596,59.0,62.0
bird1,0.99979943,60.0,63.0
easwpw1,0.0449243,60.0,63.0
eawpew,0.012173932,60.0,63.0
wilfly,0.19481124,60.0,63.0
whevir,0.014939232,60.0,63.0
belvir,0.014060579,60.0,63.0
reevir1,0.8829657,60.0,63.0
veery,0.1827502,60.0,63.0
woothr,0.98817575,60.0,63.0
amerob,0.059490114,60.0,63.0
cedwax,0.05216326,60.0,63.0
fiespa,0.9923492,60.0,63.0
sonspa,0.11652604,60.0,63.0
eastow,0.017194347,60.0,63.0
yebcha,0.013143852,60.0,63.0
buwwar,0.010198959,60.0,63.0
comyel,0.01899983,60.0,63.0
scatan,0.011982526,60.0,63.0
norcar,0.014671359,60.0,63.0
robgro,0.06259891,60.0,63.0
indbun,0.034562804,60.0,63.0
bird1,0.99990433,61.0,64.0
easwpw1,0.017775934,61.0,64.0
reevir1,0.98145217,61.0,64.0
woothr,0.97144157,61.0,64.0
amerob,0.05954512,61.0,64.0
amegfi,0.014559169,61.0,64.0
fiespa,0.86888945,61.0,64.0
daejun,0.012053972,61.0,64.0
rucspa1,0.011044027,61.0,64.0
eastow,0.031056045,61.0,64.0
ovenbi1,0.010916766,61.0,64.0
comyel,0.046380714,61.0,64.0
pinwar,0.029444728,61.0,64.0
norcar,0.02123829,61.0,64.0
robgro,0.012766025,61.0,64.0
indbun,0.015891703,61.0,64.0
bird1,0.9997762,62.0,65.0
reevir1,0.9972883,62.0,65.0
blujay,0.03604982,62.0,65.0
carchi,0.0106200855,62.0,65.0
brncre,0.021300195,62.0,65.0
carwre,0.015745156,62.0,65.0
herthr,0.019953303,62.0,65.0
woothr,0.2952941,62.0,65.0
redwin,0.05064907,62.0,65.0
eurbla,0.022510035,62.0,65.0
amerob,0.017447187,62.0,65.0
eurrob1,0.012616388,62.0,65.0
whbwar2,0.014610383,62.0,65.0
norcar,0.022217354,62.0,65.0
bird1,0.9996969,63.0,66.0
reevir1,0.9485819,63.0,66.0
tuftit,0.010328786,63.0,66.0
brncre,0.064649336,63.0,66.0
woothr,0.49994838,63.0,66.0
redwin,0.048418064,63.0,66.0
eurbla,0.32384488,63.0,66.0
amerob,0.22728701,63.0,66.0
eurrob1,0.014997304,63.0,66.0
comcha,0.01368093,63.0,66.0
sonspa,0.011213584,63.0,66.0
rewbla,0.029468121,63.0,66.0
ovenbi1,0.072362676,63.0,66.0
kenwar,0.041009314,63.0,66.0
whbwar2,0.011397296,63.0,66.0
norcar,0.24102907,63.0,66.0
robgro,0.019430552,63.0,66.0
bird1,0.99870265,64.0,67.0
eawpew,0.021521704,64.0,67.0
reevir1,0.70212454,64.0,67.0
blttit2,0.016860874,64.0,67.0
veery,0.01392637,64.0,67.0
swathr,0.026425065,64.0,67.0
herthr,0.014467998,64.0,67.0
woothr,0.60374844,64.0,67.0
redwin,0.010442012,64.0,67.0
eurbla,0.029981276,64.0,67.0
amerob,0.12826271,64.0,67.0
cedwax,0.60117906,64.0,67.0
sonspa,0.016528929,64.0,67.0
rewbla,0.022362357,64.0,67.0
kenwar,0.018372571,64.0,67.0
hoowar,0.088659674,64.0,67.0
scatan,0.01115296,64.0,67.0
norcar,0.013189453,64.0,67.0
robgro,0.012929093,64.0,67.0
bird1,0.9997901,65.0,68.0
reevir1,0.91243017,65.0,68.0
carwre,0.030350588,65.0,68.0
cacwre,0.03717436,65.0,68.0
grycat,0.010581861,65.0,68.0
brnthr,0.015061844,65.0,68.0
swathr,0.014422129,65.0,68.0
woothr,0.8935083,65.0,68.0
eurbla,0.010603715,65.0,68.0
amerob,0.087606125,65.0,68.0
cedwax,0.95576704,65.0,68.0
houfin,0.012035555,65.0,68.0
kenwar,0.018554946,65.0,68.0
hoowar,0.16618423,65.0,68.0
norcar,0.016955066,65.0,68.0
bkhgro,0.019806556,65.0,68.0
bird1,0.999951,66.0,69.0
eawpew,0.043466225,66.0,69.0
buhvir,0.014252775,66.0,69.0
reevir1,0.98278433,66.0,69.0
carwre,0.051435214,66.0,69.0
herthr,0.020136992,66.0,69.0
woothr,0.13201544,66.0,69.0
amerob,0.07286159,66.0,69.0
cedwax,0.95392543,66.0,69.0
comyel,0.010207084,66.0,69.0
hoowar,0.64276844,66.0,69.0
norcar,0.013182181,66.0,69.0
bird1,0.9998675,67.0,70.0
bkbcuc,0.0137968445,67.0,70.0
brdowl,0.014325876,67.0,70.0
reevir1,0.9802112,67.0,70.0
amecro,0.588181,67.0,70.0
swathr,0.01092463,67.0,70.0
woothr,0.25874832,67.0,70.0
amerob,0.3837248,67.0,70.0
cedwax,0.4360419,67.0,70.0
rucspa1,0.010010659,67.0,70.0
rewbla,0.20431986,67.0,70.0
comyel,0.687265,67.0,70.0
chswar,0.016783366,67.0,70.0
btnwar,0.037969235,67.0,70.0
indbun,0.010574829,67.0,70.0
bird1,0.99998736,68.0,71.0
batbel1,0.013594632,68.0,71.0
reevir1,0.9950179,68.0,71.0
amecro,0.936717,68.0,71.0
bkcchi,0.010001364,68.0,71.0
woothr,0.14373918,68.0,71.0
amerob,0.28403616,68.0,71.0
amegfi,0.029295154,68.0,71.0
sonspa,0.015363567,68.0,71.0
rewbla,0.024919888,68.0,71.0
comyel,0.02282279,68.0,71.0
bird1,0.9999915,69.0,72.0
eawpew,0.010272189,69.0,72.0
reevir1,0.99805385,69.0,72.0
amecro,0.9781874,69.0,72.0
bkcchi,0.011432079,69.0,72.0
woothr,0.16024418,69.0,72.0
amerob,0.1077876,69.0,72.0
sonspa,0.027198141,69.0,72.0
rewbla,0.02653895,69.0,72.0
comyel,0.017089019,69.0,72.0
bird1,0.99999195,70.0,73.0
yebcuc,0.03240999,70.0,73.0
bkbcuc,0.18034203,70.0,73.0
eawpew,0.014758988,70.0,73.0
reevir1,0.99972886,70.0,73.0
amecro,0.8734683,70.0,73.0
amerob,0.03504929,70.0,73.0
cedwax,0.39154315,70.0,73.0
amegfi,0.020225393,70.0,73.0
rucspa1,0.010583773,70.0,73.0
sonspa,0.04642321,70.0,73.0
comyel,0.051451888,70.0,73.0
bird1,0.9997024,71.0,74.0
norpin,0.011089989,71.0,74.0
warvir,0.010829763,71.0,74.0
reevir1,0.98360723,71.0,74.0
amecro,0.6496623,71.0,74.0
grycat,0.014527297,71.0,74.0
swathr,0.017019011,71.0,74.0
woothr,0.03715976,71.0,74.0
amerob,0.09896555,71.0,74.0
cedwax,0.6134132,71.0,74.0
amegfi,0.02339815,71.0,74.0
sonspa,0.024388978,71.0,74.0
hoowar,0.5088138,71.0,74.0
bird1,0.9991082,72.0,75.0
warvir,0.020302579,72.0,75.0
reevir1,0.78149366,72.0,75.0
swathr,0.54405314,72.0,75.0
woothr,0.017017927,72.0,75.0
amerob,0.050574582,72.0,75.0
cedwax,0.26982632,72.0,75.0
houfin,0.023754781,72.0,75.0
amegfi,0.025822494,72.0,75.0
sonspa,0.033097547,72.0,75.0
hoowar,0.9362619,72.0,75.0
bird1,0.999832,73.0,76.0
olsfly,0.010809155,73.0,76.0
eawpew,0.043097917,73.0,76.0
whevir,0.038921155,73.0,76.0
warvir,0.06776404,73.0,76.0
reevir1,0.99207693,73.0,76.0
bkcchi,0.020625561,73.0,76.0
swathr,0.40928766,73.0,76.0
whtspa,0.015727904,73.0,76.0
sonspa,0.017689234,73.0,76.0
hoowar,0.66924506,73.0,76.0
bird1,0.9999866,74.0,77.0
easwpw1,0.0128635,74.0,77.0
eawpew,0.030723352,74.0,77.0
whevir,0.1437147,74.0,77.0
reevir1,0.9820612,74.0,77.0
blujay,0.012657076,74.0,77.0
bkcchi,0.02076482,74.0,77.0
swathr,0.39361396,74.0,77.0
woothr,0.6466804,74.0,77.0
amerob,0.012980977,74.0,77.0
fiespa,0.96059006,74.0,77.0
sonspa,0.016730454,74.0,77.0
rewbla,0.030756436,74.0,77.0
norcar,0.014245108,74.0,77.0
indbun,0.010066985,74.0,77.0
bird1,0.99995774,75.0,78.0
whevir,0.08102443,75.0,78.0
yetvir,0.010604481,75.0,78.0
reevir1,0.9714414,75.0,78.0
grycat,0.011297876,75.0,78.0
woothr,0.9009882,75.0,78.0
eurbla,0.010974929,75.0,78.0
amerob,0.052977096,75.0,78.0
amegfi,0.018385706,75.0,78.0
fiespa,0.98617715,75.0,78.0
sonspa,0.015623733,75.0,78.0
eastow,0.0255219,75.0,78.0
rewbla,0.030335512,75.0,78.0
comyel,0.019641295,75.0,78.0
norcar,0.0123361,75.0,78.0
robgro,0.013568697,75.0,78.0
blugrb1,0.018272487,75.0,78.0
indbun,0.016072594,75.0,78.0
bird1,0.99990416,76.0,79.0
easwpw1,0.012106858,76.0,79.0
warvir,0.01681104,76.0,79.0
reevir1,0.935997,76.0,79.0
amecro,0.010355585,76.0,79.0
tuftit,0.010304813,76.0,79.0
grycat,0.023772558,76.0,79.0
woothr,0.8014402,76.0,79.0
amerob,0.10286023,76.0,79.0
pinsis,0.010256858,76.0,79.0
amegfi,0.02592882,76.0,79.0
fiespa,0.98864716,76.0,79.0
sonspa,0.036744423,76.0,79.0
spotow,0.013395288,76.0,79.0
eastow,0.030935684,76.0,79.0
rewbla,0.022932474,76.0,79.0
ovenbi1,0.012434894,76.0,79.0
comyel,0.018100962,76.0,79.0
amered,0.011502259,76.0,79.0
indbun,0.040662143,76.0,79.0
bird1,0.99970955,77.0,80.0
redjun,0.047839113,77.0,80.0
bkbcuc,0.014162596,77.0,80.0
reevir1,0.96802026,77.0,80.0
amecro,0.029189525,77.0,80.0
bkcchi,0.01113728,77.0,80.0
grycat,0.01371014,77.0,80.0
woothr,0.6555146,77.0,80.0
amerob,0.15428904,77.0,80.0
amegfi,0.40941575,77.0,80.0
fiespa,0.5108922,77.0,80.0
rucspa1,0.010634846,77.0,80.0
sonspa,0.015232562,77.0,80.0
eastow,0.4484272,77.0,80.0
rewbla,0.0100570675,77.0,80.0
robgro,0.01045194,77.0,80.0
bird1,0.99904656,78.0,81.0
redjun,0.016605694,78.0,81.0
bkbcuc,0.012828169,78.0,81.0
eawpew,0.025378482,78.0,81.0
reevir1,0.9771145,78.0,81.0
amecro,0.026290018,78.0,81.0
swiwhe1,0.017125908,78.0,81.0
veery,0.084207825,78.0,81.0
woothr,0.015315132,78.0,81.0
amerob,0.07496655,78.0,81.0
cedwax,0.50036436,78.0,81.0
amegfi,0.5567044,78.0,81.0
sonspa,0.012211577,78.0,81.0
norcar,0.023752278,78.0,81.0
bird1,0.9993222,79.0,82.0
redjun,0.023351379,79.0,82.0
rthhum,0.0104853315,79.0,82.0
eawpew,0.82527816,79.0,82.0
reevir1,0.9270378,79.0,82.0
amecro,0.012831496,79.0,82.0
woothr,0.9858693,79.0,82.0
amerob,0.20502728,79.0,82.0
cedwax,0.43245846,79.0,82.0
amegfi,0.3482325,79.0,82.0
norcar,0.013888351,79.0,82.0
bird1,0.9994909,80.0,83.0
redjun,0.016136806,80.0,83.0
eawpew,0.91070604,80.0,83.0
reevir1,0.93345696,80.0,83.0
amecro,0.5391551,80.0,83.0
bkcchi,0.03568633,80.0,83.0
woothr,0.982288,80.0,83.0
amerob,0.019000575,80.0,83.0
cedwax,0.5920204,80.0,83.0
purfin,0.010035959,80.0,83.0
amegfi,0.028674524,80.0,83.0
norcar,0.011274256,80.0,83.0
bird1,0.99883425,81.0,84.0
brdowl,0.010441897,81.0,84.0
eawpew,0.9506117,81.0,84.0
reevir1,0.8233754,81.0,84.0
amecro,0.7739999,81.0,84.0
bkcchi,0.012462065,81.0,84.0
woothr,0.9724817,81.0,84.0
amerob,0.02341297,81.0,84.0
purfin,0.011101935,81.0,84.0
scatan,0.010045728,81.0,84.0
bird1,0.99063194,82.0,85.0
reevir1,0.023505937,82.0,85.0
amecro,0.80681366,82.0,85.0
houwre,0.54239804,82.0,85.0
amerob,0.014504663,82.0,85.0
purfin,0.11406551,82.0,85.0
mouwar,0.12861824,82.0,85.0
norcar,0.01805709,82.0,85.0
