species_code,score,start_offset_sec,end_offset_sec
bird1,0.9984842,0.0,3.0
moudov,0.025023201,0.0,3.0
amecro,0.0576408,0.0,3.0
comrav,0.057309162,0.0,3.0
sonspa,0.018443119,0.0,3.0
yebcha,0.7077951,0.0,3.0
rewbla,0.031967066,0.0,3.0
comyel,0.96316445,0.0,3.0
yelwar,0.012538154,0.0,3.0
norcar,0.012198189,0.0,3.0
indbun,0.013247339,0.0,3.0
bird1,0.9996971,1.0,4.0
rebwoo,0.010848126,1.0,4.0
reevir1,0.08518232,1.0,4.0
amecro,0.26577327,1.0,4.0
carwre,0.011002592,1.0,4.0
fiespa,0.0165958,1.0,4.0
sonspa,0.023468645,1.0,4.0
yebcha,0.99024045,1.0,4.0
rewbla,0.016609354,1.0,4.0
comyel,0.9682216,1.0,4.0
norcar,0.011551152,1.0,4.0
bkhgro,0.012205297,1.0,4.0
blugrb1,0.010362702,1.0,4.0
indbun,0.03673206,1.0,4.0
bird1,0.99993855,2.0,5.0
moudov,0.01794413,2.0,5.0
whevir,0.031210829,2.0,5.0
reevir1,0.4966054,2.0,5.0
amecro,0.48898482,2.0,5.0
carwre,0.018196892,2.0,5.0
amerob,0.12782785,2.0,5.0
eastow,0.08209772,2.0,5.0
yebcha,0.9835002,2.0,5.0
comyel,0.94076306,2.0,5.0
sumtan,0.0147655215,2.0,5.0
norcar,0.022198664,2.0,5.0
robgro,0.01699356,2.0,5.0
bkhgro,0.011588122,2.0,5.0
indbun,0.06748748,2.0,5.0
paibun,0.012778339,2.0,5.0
bird1,0.9998692,3.0,6.0
norbob,0.014520554,3.0,6.0
brthum,0.011951774,3.0,6.0
reevir1,0.13159305,3.0,6.0
blujay,0.33634165,3.0,6.0
amecro,0.1999894,3.0,6.0
tuftit,0.016744554,3.0,6.0
carwre,0.026992012,3.0,6.0
normoc,0.03172438,3.0,6.0
amerob,0.047110606,3.0,6.0
lesgol,0.013414162,3.0,6.0
fiespa,0.042854857,3.0,6.0
rucspa1,0.011726744,3.0,6.0
eastow,0.38957435,3.0,6.0
yebcha,0.99456084,3.0,6.0
easmea,0.010027307,3.0,6.0
bnhcow,0.012701697,3.0,6.0
comyel,0.012199924,3.0,6.0
prawar,0.11265128,3.0,6.0
btnwar,0.01161005,3.0,6.0
scatan,0.012412434,3.0,6.0
norcar,0.01626821,3.0,6.0
bkhgro,0.013604419,3.0,6.0
indbun,0.37618482,3.0,6.0
bird1,0.9996108,4.0,7.0
eawpew,0.01173001,4.0,7.0
reevir1,0.07332938,4.0,7.0
blujay,0.018586908,4.0,7.0
amecro,0.4663652,4.0,7.0
tuftit,0.08297291,4.0,7.0
carwre,0.024799142,4.0,7.0
normoc,0.04147934,4.0,7.0
amerob,0.10852008,4.0,7.0
amegfi,0.02280286,4.0,7.0
fiespa,0.07516003,4.0,7.0
sonspa,0.011096246,4.0,7.0
eastow,0.24551794,4.0,7.0
yebcha,0.9998639,4.0,7.0
comyel,0.053163536,4.0,7.0
yelwar,0.015189355,4.0,7.0
prawar,0.0439251,4.0,7.0
norcar,0.012720386,4.0,7.0
indbun,0.68225026,4.0,7.0
paibun,0.012686624,4.0,7.0
bird1,0.999808,5.0,8.0
reevir1,0.10135663,5.0,8.0
blujay,0.011535232,5.0,8.0
amecro,0.3769339,5.0,8.0
tuftit,0.026944164,5.0,8.0
carwre,0.020653477,5.0,8.0
normoc,0.024796108,5.0,8.0
lesgol,0.012339716,5.0,8.0
amegfi,0.028232086,5.0,8.0
fiespa,0.07867746,5.0,8.0
whcspa,0.015222595,5.0,8.0
sonspa,0.039729945,5.0,8.0
swaspa,0.013843486,5.0,8.0
spotow,0.012731144,5.0,8.0
eastow,0.3558685,5.0,8.0
yebcha,0.9999945,5.0,8.0
comyel,0.052789636,5.0,8.0
yelwar,0.0124004865,5.0,8.0
prawar,0.02163435,5.0,8.0
norcar,0.011737153,5.0,8.0
indbun,0.29440877,5.0,8.0
bird1,0.99991596,6.0,9.0
rethaw,0.020649156,6.0,9.0
reevir1,0.9283716,6.0,9.0
blujay,0.28535157,6.0,9.0
amecro,0.51608235,6.0,9.0
tuftit,0.036340594,6.0,9.0
carwre,0.016845578,6.0,9.0
amegfi,0.015305263,6.0,9.0
fiespa,0.038403146,6.0,9.0
spotow,0.011816644,6.0,9.0
eastow,0.14973661,6.0,9.0
yebcha,0.9998889,6.0,9.0
comyel,0.055588014,6.0,9.0
prawar,0.010888247,6.0,9.0
blugrb1,0.038280636,6.0,9.0
indbun,0.36050415,6.0,9.0
varbun,0.013468789,6.0,9.0
paibun,0.05290364,6.0,9.0
bird1,0.99915683,7.0,10.0
eawpew,0.024195956,7.0,10.0
reevir1,0.8930682,7.0,10.0
amecro,0.48593712,7.0,10.0
purmar,0.035601187,7.0,10.0
houfin,0.010284912,7.0,10.0
chispa,0.028883351,7.0,10.0
fiespa,0.053599484,7.0,10.0
daejun,0.09986926,7.0,10.0
swaspa,0.38629428,7.0,10.0
spotow,0.015010602,7.0,10.0
eastow,0.48402223,7.0,10.0
yebcha,0.7767688,7.0,10.0
rewbla,0.010029627,7.0,10.0
comyel,0.017316008,7.0,10.0
pinwar,0.019845888,7.0,10.0
sumtan,0.010228347,7.0,10.0
norcar,0.035601106,7.0,10.0
blugrb1,0.023134407,7.0,10.0
indbun,0.22726402,7.0,10.0
varbun,0.014140304,7.0,10.0
bird1,0.99872017,8.0,11.0
rebwoo,0.03852502,8.0,11.0
reevir1,0.40475816,8.0,11.0
amecro,0.19823207,8.0,11.0
purmar,0.021431113,8.0,11.0
brnthr,0.03112572,8.0,11.0
woothr,0.01937912,8.0,11.0
amerob,0.049871933,8.0,11.0
houspa,0.013160872,8.0,11.0
amegfi,0.014287017,8.0,11.0
fiespa,0.05722414,8.0,11.0
sonspa,0.014446203,8.0,11.0
eastow,0.062053304,8.0,11.0
yebcha,0.98843396,8.0,11.0
orcori,0.037892442,8.0,11.0
rewbla,0.0112677,8.0,11.0
comyel,0.031172886,8.0,11.0
yelwar,0.018476978,8.0,11.0
sumtan,0.100548886,8.0,11.0
scatan,0.06285347,8.0,11.0
robgro,0.010213701,8.0,11.0
indbun,0.50403583,8.0,11.0
bird1,0.9986216,9.0,12.0
reevir1,0.041169018,9.0,12.0
purmar,0.018667344,9.0,12.0
normoc,0.011142774,9.0,12.0
amerob,0.033468455,9.0,12.0
houspa,0.02520384,9.0,12.0
amegfi,0.015355036,9.0,12.0
fiespa,0.027338693,9.0,12.0
yebcha,0.9997957,9.0,12.0
rewbla,0.010630744,9.0,12.0
comyel,0.031022627,9.0,12.0
yelwar,0.018268818,9.0,12.0
sumtan,0.013664796,9.0,12.0
scatan,0.042051,9.0,12.0
norcar,0.021514047,9.0,12.0
indbun,0.7721496,9.0,12.0
bird1,0.9998792,10.0,13.0
reevir1,0.016368495,10.0,13.0
amerob,0.012649856,10.0,13.0
amegfi,0.019443749,10.0,13.0
fiespa,0.2613383,10.0,13.0
yebcha,0.9999699,10.0,13.0
orcori,0.019559264,10.0,13.0
rewbla,0.01013622,10.0,13.0
comyel,0.20180492,10.0,13.0
prawar,0.018806504,10.0,13.0
sumtan,0.042820513,10.0,13.0
scatan,0.099806376,10.0,13.0
norcar,0.013465031,10.0,13.0
blugrb1,0.014375815,10.0,13.0
indbun,0.9704464,10.0,13.0
paibun,0.057225086,10.0,13.0
bird1,0.9998438,11.0,14.0
fragul,0.013175552,11.0,14.0
wilfly,0.010074387,11.0,14.0
normoc,0.017784847,11.0,14.0
amegfi,0.016899522,11.0,14.0
fiespa,0.01743211,11.0,14.0
yebcha,0.99944603,11.0,14.0
orcori,0.024659207,11.0,14.0
rewbla,0.011385972,11.0,14.0
gycyel,0.010737017,11.0,14.0
comyel,0.81245565,11.0,14.0
sumtan,0.0119339675,11.0,14.0
scatan,0.076403625,11.0,14.0
norcar,0.014854651,11.0,14.0
blugrb1,0.025763037,11.0,14.0
indbun,0.77344453,11.0,14.0
paibun,0.012858602,11.0,14.0
bird1,0.9997322,12.0,15.0
norbob,0.012272882,12.0,15.0
amecro,0.7989716,12.0,15.0
carwre,0.012089976,12.0,15.0
brnthr,0.020695874,12.0,15.0
normoc,0.02081269,12.0,15.0
amerob,0.041361712,12.0,15.0
amegfi,0.01928841,12.0,15.0
fiespa,0.022149934,12.0,15.0
sonspa,0.018770128,12.0,15.0
eastow,0.19150451,12.0,15.0
yebcha,0.9400683,12.0,15.0
orcori,0.017139846,12.0,15.0
rewbla,0.021249326,12.0,15.0
comyel,0.8008315,12.0,15.0
norcar,0.049373288,12.0,15.0
blugrb1,0.010270943,12.0,15.0
indbun,0.60050267,12.0,15.0
paibun,0.011969876,12.0,15.0
bird1,0.9995206,13.0,16.0
norbob,0.010145015,13.0,16.0
amecro,0.74001026,13.0,16.0
carwre,0.011711843,13.0,16.0
grycat,0.013072156,13.0,16.0
brnthr,0.01553464,13.0,16.0
easblu,0.017813666,13.0,16.0
amerob,0.014016373,13.0,16.0
amegfi,0.014133081,13.0,16.0
fiespa,0.06265628,13.0,16.0
sonspa,0.12945028,13.0,16.0
swaspa,0.027312469,13.0,16.0
eastow,0.36572024,13.0,16.0
yebcha,0.11875437,13.0,16.0
wesmea,0.011530736,13.0,16.0
rewbla,0.06455733,13.0,16.0
comyel,0.9626405,13.0,16.0
norcar,0.016207723,13.0,16.0
blugrb1,0.030943505,13.0,16.0
indbun,0.32864574,13.0,16.0
bird1,0.999964,14.0,17.0
bucmot2,0.010408511,14.0,17.0
amecro,0.57558584,14.0,17.0
brnthr,0.080879465,14.0,17.0
normoc,0.18653409,14.0,17.0
amerob,0.054986045,14.0,17.0
houspa,0.012294793,14.0,17.0
fiespa,0.029076848,14.0,17.0
sonspa,0.100498736,14.0,17.0
eastow,0.02792843,14.0,17.0
yebcha,0.9932761,14.0,17.0
wesmea,0.016093729,14.0,17.0
rewbla,0.027871834,14.0,17.0
comyel,0.9579349,14.0,17.0
norcar,0.01290701,14.0,17.0
indbun,0.50221735,14.0,17.0
paibun,0.010862965,14.0,17.0
bird1,0.9998927,15.0,18.0
norfli,0.02687651,15.0,18.0
normoc,0.07999277,15.0,18.0
amerob,0.11463257,15.0,18.0
houspa,0.014343771,15.0,18.0
amegfi,0.010677194,15.0,18.0
fiespa,0.016054008,15.0,18.0
sonspa,0.023541898,15.0,18.0
yebcha,0.9996139,15.0,18.0
rewbla,0.041357297,15.0,18.0
comyel,0.90389764,15.0,18.0
yelwar,0.019915048,15.0,18.0
norcar,0.011488648,15.0,18.0
blugrb1,0.018697744,15.0,18.0
indbun,0.3286952,15.0,18.0
bird1,0.999909,16.0,19.0
eawpew,0.010241441,16.0,19.0
reevir1,0.014167458,16.0,19.0
carwre,0.013916716,16.0,19.0
normoc,0.019930815,16.0,19.0
amerob,0.025791245,16.0,19.0
fiespa,0.057964053,16.0,19.0
sonspa,0.010115495,16.0,19.0
yebcha,0.999831,16.0,19.0
comyel,0.758387,16.0,19.0
hoowar,0.020775834,16.0,19.0
prawar,0.010013671,16.0,19.0
norcar,0.019815886,16.0,19.0
blugrb1,0.07369384,16.0,19.0
indbun,0.94551355,16.0,19.0
paibun,0.02528529,16.0,19.0
bird1,0.99990624,17.0,20.0
norfli,0.02762472,17.0,20.0
rubpep1,0.012872023,17.0,20.0
amecro,0.77363205,17.0,20.0
carwre,0.014421492,17.0,20.0
normoc,0.06031731,17.0,20.0
eurbla,0.010031004,17.0,20.0
amerob,0.11942045,17.0,20.0
amegfi,0.014335703,17.0,20.0
fiespa,0.01173253,17.0,20.0
yebcha,0.9911274,17.0,20.0
rewbla,0.016730743,17.0,20.0
masyel5,0.05124954,17.0,20.0
comyel,0.027948499,17.0,20.0
norcar,0.023044445,17.0,20.0
blugrb1,0.019913163,17.0,20.0
indbun,0.75045073,17.0,20.0
bird1,0.9999528,18.0,21.0
reevir1,0.021661015,18.0,21.0
amecro,0.7561623,18.0,21.0
carwre,0.0142173525,18.0,21.0
normoc,0.043553278,18.0,21.0
amerob,0.029681647,18.0,21.0
amegfi,0.0149892345,18.0,21.0
fiespa,0.017178273,18.0,21.0
yebcha,0.9994732,18.0,21.0
rewbla,0.020881915,18.0,21.0
comyel,0.037804257,18.0,21.0
norcar,0.013359755,18.0,21.0
blugrb1,0.014400435,18.0,21.0
indbun,0.9289088,18.0,21.0
bird1,0.99901646,19.0,22.0
whevir,0.0425511,19.0,22.0
reevir1,0.08562659,19.0,22.0
amecro,0.699251,19.0,22.0
carwre,0.045911953,19.0,22.0
grycat,0.010540321,19.0,22.0
brnthr,0.01216982,19.0,22.0
normoc,0.012011367,19.0,22.0
eurbla,0.011218523,19.0,22.0
amerob,0.037118003,19.0,22.0
sonspa,0.012683926,19.0,22.0
yebcha,0.8595863,19.0,22.0
rewbla,0.032582816,19.0,22.0
comyel,0.72173655,19.0,22.0
yelwar,0.071594894,19.0,22.0
norcar,0.38429096,19.0,22.0
indbun,0.1649054,19.0,22.0
paibun,0.04424574,19.0,22.0
bird1,0.9998922,20.0,23.0
whevir,0.026309606,20.0,23.0
reevir1,0.026633086,20.0,23.0
blujay,0.018909704,20.0,23.0
amecro,0.7349337,20.0,23.0
carwre,0.016316203,20.0,23.0
easblu,0.010681945,20.0,23.0
amerob,0.034053393,20.0,23.0
fiespa,0.011262919,20.0,23.0
sonspa,0.0152996285,20.0,23.0
eastow,0.02292353,20.0,23.0
yebcha,0.9879585,20.0,23.0
rewbla,0.02644433,20.0,23.0
comgra,0.017428173,20.0,23.0
comyel,0.9244654,20.0,23.0
norcar,0.03385479,20.0,23.0
indbun,0.05874032,20.0,23.0
bird1,0.9999609,21.0,24.0
rebwoo,0.09354453,21.0,24.0
whevir,0.18836625,21.0,24.0
blujay,0.043945078,21.0,24.0
whbnut,0.012347923,21.0,24.0
carwre,0.021301076,21.0,24.0
brnthr,0.17858958,21.0,24.0
normoc,0.057595134,21.0,24.0
amerob,0.014049313,21.0,24.0
fiespa,0.015972877,21.0,24.0
yebcha,0.9989774,21.0,24.0
rewbla,0.014229955,21.0,24.0
comgra,0.019441843,21.0,24.0
comyel,0.9040209,21.0,24.0
norcar,0.63724285,21.0,24.0
indbun,0.044400834,21.0,24.0
bird1,0.99997157,22.0,25.0
fragul,0.013283202,22.0,25.0
whevir,0.011252888,22.0,25.0
reevir1,0.031056413,22.0,25.0
blujay,0.09021188,22.0,25.0
carwre,0.016920839,22.0,25.0
brnthr,0.09339524,22.0,25.0
normoc,0.022534389,22.0,25.0
amerob,0.011726638,22.0,25.0
fiespa,0.02734453,22.0,25.0
sonspa,0.011112451,22.0,25.0
yebcha,0.999974,22.0,25.0
comgra,0.018822366,22.0,25.0
comyel,0.9395154,22.0,25.0
yelwar,0.011011176,22.0,25.0
norcar,0.0141469985,22.0,25.0
bkhgro,0.020688932,22.0,25.0
indbun,0.09036791,22.0,25.0
bird1,0.99907863,23.0,26.0
belvir,0.010740877,23.0,26.0
reevir1,0.10404938,23.0,26.0
carwre,0.047822922,23.0,26.0
brnthr,0.05850351,23.0,26.0
normoc,0.03527946,23.0,26.0
amerob,0.07131143,23.0,26.0
amegfi,0.012642407,23.0,26.0
fiespa,0.20767137,23.0,26.0
sonspa,0.03328352,23.0,26.0
eastow,0.04095433,23.0,26.0
yebcha,0.99977684,23.0,26.0
rewbla,0.015029438,23.0,26.0
comyel,0.3344405,23.0,26.0
yelwar,0.034431644,23.0,26.0
prawar,0.022276152,23.0,26.0
sumtan,0.053195376,23.0,26.0
norcar,0.026957052,23.0,26.0
bkhgro,0.023813516,23.0,26.0
indbun,0.56061596,23.0,26.0
paibun,0.012599712,23.0,26.0
bird1,0.9993017,24.0,27.0
barant1,0.011421079,24.0,27.0
reevir1,0.07894436,24.0,27.0
carwre,0.0112269465,24.0,27.0
normoc,0.021153796,24.0,27.0
amerob,0.015367326,24.0,27.0
fiespa,0.064199015,24.0,27.0
whcspa,0.028213816,24.0,27.0
sonspa,0.018912116,24.0,27.0
eastow,0.024155756,24.0,27.0
yebcha,0.999508,24.0,27.0
rewbla,0.010266004,24.0,27.0
comyel,0.10536339,24.0,27.0
yelwar,0.013787848,24.0,27.0
prawar,0.010033215,24.0,27.0
norcar,0.018176291,24.0,27.0
bkhgro,0.03187502,24.0,27.0
blugrb1,0.028293328,24.0,27.0
indbun,0.5484523,24.0,27.0
paibun,0.020756194,24.0,27.0
bird1,0.99982494,25.0,28.0
norbob,0.015765214,25.0,28.0
comnig,0.014328604,25.0,28.0
bktgod,0.0171791,25.0,28.0
shikra1,0.021066131,25.0,28.0
roahaw,0.038940366,25.0,28.0
reshaw,0.021444185,25.0,28.0
barant1,0.013022016,25.0,28.0
olsfly,0.031668477,25.0,28.0
saypho,0.029221775,25.0,28.0
yetvir,0.010545254,25.0,28.0
reevir1,0.011319948,25.0,28.0
amecro,0.16183023,25.0,28.0
amerob,0.18475564,25.0,28.0
fiespa,0.062830076,25.0,28.0
whcspa,0.01323186,25.0,28.0
eastow,0.03298015,25.0,28.0
yebcha,0.9975163,25.0,28.0
orcori,0.010673597,25.0,28.0
rewbla,0.023340972,25.0,28.0
comyel,0.04398353,25.0,28.0
yelwar,0.015286266,25.0,28.0
prawar,0.012560293,25.0,28.0
sumtan,0.0109961955,25.0,28.0
norcar,0.010089468,25.0,28.0
blugrb1,0.024697803,25.0,28.0
indbun,0.98103493,25.0,28.0
bird1,0.99983555,26.0,29.0
comnig,0.01357211,26.0,29.0
shikra1,0.03151633,26.0,29.0
roahaw,0.114439815,26.0,29.0
reshaw,0.012339424,26.0,29.0
grhowl,0.011164699,26.0,29.0
olsfly,0.24356705,26.0,29.0
saypho,0.025605109,26.0,29.0
yetvir,0.03170436,26.0,29.0
warvir,0.010453883,26.0,29.0
reevir1,0.016515207,26.0,29.0
amecro,0.5216384,26.0,29.0
normoc,0.016834274,26.0,29.0
amerob,0.011253391,26.0,29.0
houspa,0.015550952,26.0,29.0
amegfi,0.0122163305,26.0,29.0
fiespa,0.01300373,26.0,29.0
whcspa,0.038245235,26.0,29.0
yebcha,0.91431075,26.0,29.0
rewbla,0.014185484,26.0,29.0
comyel,0.017087514,26.0,29.0
norcar,0.015849778,26.0,29.0
blugrb1,0.08548606,26.0,29.0
indbun,0.87324804,26.0,29.0
bird1,0.99998134,27.0,30.0
amewig,0.010413369,27.0,30.0
norbob,0.015740361,27.0,30.0
comnig,0.018015103,27.0,30.0
olsfly,0.9151117,27.0,30.0
amecro,0.26247144,27.0,30.0
amerob,0.017364962,27.0,30.0
fiespa,0.01300704,27.0,30.0
yebcha,0.9657885,27.0,30.0
rewbla,0.022679819,27.0,30.0
botgra,0.14976601,27.0,30.0
comyel,0.032319944,27.0,30.0
scatan,0.052057564,27.0,30.0
norcar,0.011983288,27.0,30.0
blugrb1,0.17564416,27.0,30.0
indbun,0.93562746,27.0,30.0
bird1,0.999786,28.0,31.0
norbob,0.014268172,28.0,31.0
eawpew,0.015944969,28.0,31.0
reevir1,0.046499502,28.0,31.0
amecro,0.11125505,28.0,31.0
comrav,0.06999634,28.0,31.0
normoc,0.015089669,28.0,31.0
amerob,0.014016128,28.0,31.0
houspa,0.010499509,28.0,31.0
amegfi,0.01359457,28.0,31.0
fiespa,0.012201855,28.0,31.0
yebcha,0.5467396,28.0,31.0
orcori,0.014984208,28.0,31.0
rewbla,0.0183201,28.0,31.0
botgra,0.03636713,28.0,31.0
comyel,0.012926046,28.0,31.0
scatan,0.6488313,28.0,31.0
westan,0.011187496,28.0,31.0
norcar,0.017811414,28.0,31.0
blugrb1,0.02840871,28.0,31.0
indbun,0.9900709,28.0,31.0
bird1,0.9999204,29.0,32.0
eawpew,0.011313712,29.0,32.0
reevir1,0.015315507,29.0,32.0
amecro,0.60845345,29.0,32.0
veery,0.0111300815,29.0,32.0
gycthr,0.01685938,29.0,32.0
amegfi,0.013451818,29.0,32.0
yebcha,0.54524356,29.0,32.0
orcori,0.012969495,29.0,32.0
rewbla,0.022532798,29.0,32.0
botgra,0.054392844,29.0,32.0
comyel,0.84345496,29.0,32.0
scatan,0.94436586,29.0,32.0
norcar,0.016089637,29.0,32.0
indbun,0.15174016,29.0,32.0
bird1,0.99994886,30.0,33.0
eawpew,0.010427978,30.0,33.0
amecro,0.8328627,30.0,33.0
veery,0.13684663,30.0,33.0
yebcha,0.5057127,30.0,33.0
comyel,0.98050946,30.0,33.0
scatan,0.9898122,30.0,33.0
indbun,0.063273415,30.0,33.0
bird1,0.9997747,31.0,34.0
clarai11,0.020284243,31.0,34.0
grcfly,0.0202281,31.0,34.0
whevir,0.05542561,31.0,34.0
yetvir,0.021574726,31.0,34.0
reevir1,0.017139968,31.0,34.0
amecro,0.71018845,31.0,34.0
tuftit,0.01925587,31.0,34.0
grycat,0.02510087,31.0,34.0
brnthr,0.109949425,31.0,34.0
normoc,0.020628141,31.0,34.0
veery,0.084229656,31.0,34.0
swathr,0.041152753,31.0,34.0
amerob,0.029623225,31.0,34.0
rinouz1,0.011303736,31.0,34.0
norwhe,0.019880617,31.0,34.0
houspa,0.019802343,31.0,34.0
nstspa,0.030768787,31.0,34.0
sonspa,0.014464681,31.0,34.0
eastow,0.02533992,31.0,34.0
yebcha,0.7677173,31.0,34.0
orcori,0.016093893,31.0,34.0
rewbla,0.07782686,31.0,34.0
comgra,0.012635005,31.0,34.0
botgra,0.015269135,31.0,34.0
comyel,0.96700114,31.0,34.0
scatan,0.13074274,31.0,34.0
norcar,0.015198944,31.0,34.0
indbun,0.03276741,31.0,34.0
bird1,0.9999785,32.0,35.0
sonspa,0.023217909,32.0,35.0
yebcha,0.9999776,32.0,35.0
rewbla,0.021010712,32.0,35.0
comyel,0.99972373,32.0,35.0
indbun,0.07197862,32.0,35.0
bird1,0.9996469,33.0,36.0
fragul,0.010553447,33.0,36.0
reevir1,0.018107783,33.0,36.0
carwre,0.012170251,33.0,36.0
normoc,0.015464163,33.0,36.0
amerob,0.023129782,33.0,36.0
amegfi,0.018016774,33.0,36.0
fiespa,0.015911274,33.0,36.0
sonspa,0.014068613,33.0,36.0
yebcha,0.9998344,33.0,36.0
rewbla,0.04752314,33.0,36.0
comyel,0.90936124,33.0,36.0
yelwar,0.012194886,33.0,36.0
norcar,0.015554567,33.0,36.0
indbun,0.31269068,33.0,36.0
bird1,0.9996048,34.0,37.0
reevir1,0.023471175,34.0,37.0
normoc,0.02814385,34.0,37.0
amerob,0.011770901,34.0,37.0
lesgol,0.017304344,34.0,37.0
amegfi,0.012423597,34.0,37.0
fiespa,0.030701151,34.0,37.0
sonspa,0.015364461,34.0,37.0
yebcha,0.9999439,34.0,37.0
rewbla,0.03888608,34.0,37.0
comyel,0.85571563,34.0,37.0
yelwar,0.02362657,34.0,37.0
blugrb1,0.018478734,34.0,37.0
indbun,0.9679854,34.0,37.0
bird1,0.9998683,35.0,38.0
norbob,0.017181281,35.0,38.0
reevir1,0.21661064,35.0,38.0
carwre,0.0108284755,35.0,38.0
amerob,0.011182792,35.0,38.0
fiespa,0.9075206,35.0,38.0
sonspa,0.012676684,35.0,38.0
eastow,0.033765625,35.0,38.0
yebcha,0.9993296,35.0,38.0
comyel,0.56216186,35.0,38.0
yelwar,0.012304669,35.0,38.0
prawar,0.022915099,35.0,38.0
norcar,0.017373525,35.0,38.0
blugrb1,0.09359857,35.0,38.0
indbun,0.9448475,35.0,38.0
paibun,0.010846519,35.0,38.0
bird1,0.9998113,36.0,39.0
rinduc,0.012555848,36.0,39.0
norbob,0.022591801,36.0,39.0
reevir1,0.030955391,36.0,39.0
amecro,0.014771578,36.0,39.0
carwre,0.015344261,36.0,39.0
brnthr,0.025770638,36.0,39.0
normoc,0.019089114,36.0,39.0
fiespa,0.8862792,36.0,39.0
yebcha,0.99814904,36.0,39.0
comyel,0.025304737,36.0,39.0
prawar,0.022413418,36.0,39.0
norcar,0.016672106,36.0,39.0
blugrb1,0.08671203,36.0,39.0
indbun,0.98544294,36.0,39.0
paibun,0.012029863,36.0,39.0
bird1,0.9999037,37.0,40.0
rinduc,0.0125066135,37.0,40.0
hoomer,0.019258382,37.0,40.0
carwre,0.017186379,37.0,40.0
brnthr,0.016264645,37.0,40.0
houfin,0.016132,37.0,40.0
amegfi,0.019889167,37.0,40.0
fiespa,0.53279805,37.0,40.0
whcspa,0.0144636,37.0,40.0
sonspa,0.015253276,37.0,40.0
eastow,0.05702315,37.0,40.0
yebcha,0.99999404,37.0,40.0
rewbla,0.018775184,37.0,40.0
bnhcow,0.02452743,37.0,40.0
comyel,0.07696627,37.0,40.0
yelwar,0.022872375,37.0,40.0
prawar,0.020866077,37.0,40.0
norcar,0.016514493,37.0,40.0
blugrb1,0.016850956,37.0,40.0
indbun,0.48834202,37.0,40.0
bird1,0.99991757,38.0,41.0
rinduc,0.013488775,38.0,41.0
norjac,0.010128557,38.0,41.0
y00678,0.01243116,38.0,41.0
scrgre1,0.03190965,38.0,41.0
carwre,0.017317168,38.0,41.0
normoc,0.01095628,38.0,41.0
houfin,0.01869969,38.0,41.0
lesgol,0.023576248,38.0,41.0
amegfi,0.047431197,38.0,41.0
whcspa,0.010310046,38.0,41.0
yebcha,0.9999619,38.0,41.0
rewbla,0.01865127,38.0,41.0
comyel,0.08591756,38.0,41.0
yelwar,0.011918043,38.0,41.0
norcar,0.026474627,38.0,41.0
indbun,0.054740336,38.0,41.0
bird1,0.9990804,39.0,42.0
amecro,0.06106665,39.0,42.0
carwre,0.02196122,39.0,42.0
normoc,0.018377429,39.0,42.0
yebcha,0.99980676,39.0,42.0
comyel,0.015409976,39.0,42.0
norcar,0.019811094,39.0,42.0
indbun,0.016156837,39.0,42.0
bird1,0.99915963,40.0,43.0
grpchi,0.01526588,40.0,43.0
reevir1,0.011053275,40.0,43.0
amecro,0.08232309,40.0,43.0
horlar,0.013264149,40.0,43.0
amerob,0.011358035,40.0,43.0
houfin,0.02940817,40.0,43.0
yebcha,0.9892605,40.0,43.0
easmea,0.014726185,40.0,43.0
rewbla,0.013059552,40.0,43.0
comyel,0.026958654,40.0,43.0
norcar,0.0141205285,40.0,43.0
bkhgro,0.013144279,40.0,43.0
indbun,0.04111676,40.0,43.0
bird1,0.9998439,41.0,44.0
whevir,0.010612383,41.0,44.0
blujay,0.023624865,41.0,44.0
amecro,0.09053468,41.0,44.0
normoc,0.010993577,41.0,44.0
amerob,0.011670097,41.0,44.0
amegfi,0.023961348,41.0,44.0
fiespa,0.020196069,41.0,44.0
yebcha,0.99982655,41.0,44.0
rewbla,0.09337467,41.0,44.0
comgra,0.018327357,41.0,44.0
comyel,0.028383242,41.0,44.0
norcar,0.011421089,41.0,44.0
indbun,0.94575477,41.0,44.0
bird1,0.99903893,42.0,45.0
warvir,0.01654748,42.0,45.0
reevir1,0.024234246,42.0,45.0
whbnut,0.013016342,42.0,45.0
normoc,0.014979127,42.0,45.0
amerob,0.034075093,42.0,45.0
amegfi,0.023901146,42.0,45.0
fiespa,0.016168687,42.0,45.0
sonspa,0.010754027,42.0,45.0
eastow,0.056206185,42.0,45.0
yebcha,0.9959405,42.0,45.0
orcori,0.06998273,42.0,45.0
balori,0.030146498,42.0,45.0
rewbla,0.12447844,42.0,45.0
comgra,0.015567424,42.0,45.0
comyel,0.3895826,42.0,45.0
yelwar,0.028159259,42.0,45.0
prawar,0.017979247,42.0,45.0
indbun,0.97041243,42.0,45.0
bird1,0.99976665,43.0,46.0
grbher3,0.010122229,43.0,46.0
normoc,0.014239859,43.0,46.0
amerob,0.07015869,43.0,46.0
amegfi,0.018430816,43.0,46.0
fiespa,0.012057686,43.0,46.0
sonspa,0.047407623,43.0,46.0
yebcha,0.9992928,43.0,46.0
orcori,0.04310079,43.0,46.0
balori,0.027222443,43.0,46.0
rewbla,0.23298597,43.0,46.0
comgra,0.0197991,43.0,46.0
grtgra,0.01033753,43.0,46.0
comyel,0.6998186,43.0,46.0
yelwar,0.027802054,43.0,46.0
prawar,0.010448842,43.0,46.0
norcar,0.026732648,43.0,46.0
indbun,0.9128555,43.0,46.0
bird1,0.9998372,44.0,47.0
yetvir,0.01047822,44.0,47.0
reevir1,0.022088185,44.0,47.0
amecro,0.7644303,44.0,47.0
tuftit,0.054912895,44.0,47.0
grycat,0.020659512,44.0,47.0
brnthr,0.013623117,44.0,47.0
normoc,0.028773224,44.0,47.0
amerob,0.19497463,44.0,47.0
amegfi,0.01584485,44.0,47.0
fiespa,0.011470613,44.0,47.0
sonspa,0.01149314,44.0,47.0
yebcha,0.83968,44.0,47.0
orcori,0.017383816,44.0,47.0
rewbla,0.025795681,44.0,47.0
comyel,0.9295878,44.0,47.0
yelwar,0.010007362,44.0,47.0
sumtan,0.036945783,44.0,47.0
scatan,0.17683014,44.0,47.0
norcar,0.010377393,44.0,47.0
indbun,0.8408664,44.0,47.0
bird1,0.9998358,45.0,48.0
reevir1,0.015281156,45.0,48.0
amecro,0.40488568,45.0,48.0
tuftit,0.012726699,45.0,48.0
normoc,0.012197684,45.0,48.0
amerob,0.31048682,45.0,48.0
houspa,0.014888121,45.0,48.0
amegfi,0.03593229,45.0,48.0
fiespa,0.0314949,45.0,48.0
sonspa,0.02404064,45.0,48.0
eastow,0.030565457,45.0,48.0
yebcha,0.40240362,45.0,48.0
orcori,0.015755106,45.0,48.0
rewbla,0.03197879,45.0,48.0
comyel,0.9394617,45.0,48.0
yelwar,0.02329679,45.0,48.0
sumtan,0.031224838,45.0,48.0
scatan,0.24141257,45.0,48.0
westan,0.011995217,45.0,48.0
norcar,0.74264336,45.0,48.0
indbun,0.21437925,45.0,48.0
bird1,0.99995345,46.0,49.0
whevir,0.040543612,46.0,49.0
reevir1,0.020115992,46.0,49.0
amecro,0.9522006,46.0,49.0
tuftit,0.049012624,46.0,49.0
carwre,0.036276717,46.0,49.0
brnthr,0.15237539,46.0,49.0
fiespa,0.093157455,46.0,49.0
sonspa,0.020121416,46.0,49.0
eastow,0.022494424,46.0,49.0
yebcha,0.9980564,46.0,49.0
rewbla,0.01941796,46.0,49.0
comyel,0.92575645,46.0,49.0
prawar,0.010337919,46.0,49.0
scatan,0.03386318,46.0,49.0
norcar,0.01638003,46.0,49.0
indbun,0.95538497,46.0,49.0
bird1,0.99978775,47.0,50.0
amecro,0.41082776,47.0,50.0
carwre,0.013166262,47.0,50.0
brnthr,0.4775071,47.0,50.0
normoc,0.015787102,47.0,50.0
amerob,0.022910073,47.0,50.0
fiespa,0.06380418,47.0,50.0
sonspa,0.015345767,47.0,50.0
eastow,0.011099119,47.0,50.0
yebcha,0.99943304,47.0,50.0
rewbla,0.016614184,47.0,50.0
comyel,0.79342693,47.0,50.0
norcar,0.03478542,47.0,50.0
indbun,0.9287584,47.0,50.0
bird1,0.99987316,48.0,51.0
whevir,0.017237108,48.0,51.0
amecro,0.43280163,48.0,51.0
carwre,0.015687231,48.0,51.0
grycat,0.010856245,48.0,51.0
brnthr,0.017399576,48.0,51.0
normoc,0.019288203,48.0,51.0
amegfi,0.0119394725,48.0,51.0
fiespa,0.023469688,48.0,51.0
eastow,0.012867467,48.0,51.0
yebcha,0.99976385,48.0,51.0
comyel,0.055119056,48.0,51.0
prawar,0.01093068,48.0,51.0
norcar,0.03327793,48.0,51.0
indbun,0.9954034,48.0,51.0
bird1,0.9992969,49.0,52.0
amecro,0.3870969,49.0,52.0
carwre,0.026878789,49.0,52.0
normoc,0.011119056,49.0,52.0
amegfi,0.02348433,49.0,52.0
fiespa,0.04066612,49.0,52.0
daejun,0.04049352,49.0,52.0
eastow,0.5695969,49.0,52.0
yebcha,0.99968433,49.0,52.0
comyel,0.04551803,49.0,52.0
yelwar,0.017589461,49.0,52.0
norcar,0.028112024,49.0,52.0
blugrb1,0.048238523,49.0,52.0
indbun,0.24922898,49.0,52.0
bird1,0.99981576,50.0,53.0
reevir1,0.01982716,50.0,53.0
amecro,0.31565428,50.0,53.0
carwre,0.12145841,50.0,53.0
amegfi,0.013331212,50.0,53.0
fiespa,0.059108295,50.0,53.0
eastow,0.4044205,50.0,53.0
yebcha,0.99997115,50.0,53.0
rewbla,0.018361857,50.0,53.0
comyel,0.08818426,50.0,53.0
yelwar,0.042811524,50.0,53.0
prawar,0.017300662,50.0,53.0
norcar,0.016683474,50.0,53.0
indbun,0.89063907,50.0,53.0
bird1,0.9999597,51.0,54.0
reevir1,0.0121294055,51.0,54.0
amecro,0.43540913,51.0,54.0
carwre,0.012030123,51.0,54.0
brnthr,0.012681597,51.0,54.0
amegfi,0.013646689,51.0,54.0
fiespa,0.032257058,51.0,54.0
eastow,0.1165837,51.0,54.0
yebcha,0.9999946,51.0,54.0
rewbla,0.010018512,51.0,54.0
comyel,0.04704177,51.0,54.0
yelwar,0.02456161,51.0,54.0
indbun,0.5049457,51.0,54.0
bird1,0.99996585,52.0,55.0
tacpyt1,0.010923842,52.0,55.0
reevir1,0.016889734,52.0,55.0
amecro,0.541511,52.0,55.0
lesgol,0.014605188,52.0,55.0
amegfi,0.049177445,52.0,55.0
sonspa,0.018155657,52.0,55.0
yebcha,0.99999493,52.0,55.0
rewbla,0.011173505,52.0,55.0
comyel,0.04888716,52.0,55.0
indbun,0.44076237,52.0,55.0
bird1,0.9999118,53.0,56.0
whevir,0.017721552,53.0,56.0
amecro,0.25077963,53.0,56.0
carwre,0.015284393,53.0,56.0
normoc,0.047775686,53.0,56.0
fiespa,0.013124705,53.0,56.0
sonspa,0.012032435,53.0,56.0
yebcha,0.9999609,53.0,56.0
comyel,0.23639973,53.0,56.0
norcar,0.60255724,53.0,56.0
blugrb1,0.022773203,53.0,56.0
indbun,0.8385754,53.0,56.0
paibun,0.5199351,53.0,56.0
bird1,0.999919,54.0,57.0
amecro,0.13802007,54.0,57.0
carwre,0.010483669,54.0,57.0
normoc,0.054877274,54.0,57.0
amerob,0.016454812,54.0,57.0
fiespa,0.022009015,54.0,57.0
yebcha,0.99996775,54.0,57.0
comyel,0.06299647,54.0,57.0
norcar,0.49004608,54.0,57.0
indbun,0.8985479,54.0,57.0
paibun,0.04185284,54.0,57.0
bird1,0.99997836,55.0,58.0
roahaw,0.010114758,55.0,58.0
norfli,0.022399621,55.0,58.0
amecro,0.44019347,55.0,58.0
carwre,0.029066902,55.0,58.0
normoc,0.02332368,55.0,58.0
amerob,0.021976586,55.0,58.0
fiespa,0.042225074,55.0,58.0
yebcha,0.9999206,55.0,58.0
rewbla,0.013870508,55.0,58.0
comyel,0.9301401,55.0,58.0
norcar,0.45418572,55.0,58.0
blugrb1,0.025549741,55.0,58.0
indbun,0.9362569,55.0,58.0
paibun,0.07508605,55.0,58.0
bird1,0.99997413,56.0,59.0
norbob,0.011341999,56.0,59.0
olsfly,0.015053867,56.0,59.0
wilfly,0.04054599,56.0,59.0
belvir,0.011589515,56.0,59.0
yetvir,0.01271405,56.0,59.0
grycat,0.021387193,56.0,59.0
brnthr,0.013938654,56.0,59.0
normoc,0.015730266,56.0,59.0
easblu,0.013757128,56.0,59.0
amerob,0.682311,56.0,59.0
houspa,0.040544376,56.0,59.0
sonspa,0.022985099,56.0,59.0
eastow,0.014586025,56.0,59.0
yebcha,0.55399835,56.0,59.0
rewbla,0.051991917,56.0,59.0
comgra,0.015615478,56.0,59.0
botgra,0.022300774,56.0,59.0
comyel,0.99331266,56.0,59.0
scatan,0.020987675,56.0,59.0
norcar,0.058865912,56.0,59.0
indbun,0.7595055,56.0,59.0
bird1,0.9998377,57.0,60.0
caskin,0.010079124,57.0,60.0
belvir,0.01069396,57.0,60.0
yetvir,0.030507378,57.0,60.0
buhvir,0.018643504,57.0,60.0
plsvir,0.054896306,57.0,60.0
reevir1,0.013938215,57.0,60.0
grycat,0.01597263,57.0,60.0
veery,0.06034816,57.0,60.0
gycthr,0.012736912,57.0,60.0
amerob,0.020663634,57.0,60.0
houspa,0.03666977,57.0,60.0
sonspa,0.024781872,57.0,60.0
eastow,0.02408115,57.0,60.0
yebcha,0.9892917,57.0,60.0
orcori,0.016715258,57.0,60.0
rewbla,0.018823251,57.0,60.0
comyel,0.9815146,57.0,60.0
scatan,0.44279945,57.0,60.0
norcar,0.24666733,57.0,60.0
bkhgro,0.011508317,57.0,60.0
indbun,0.033267777,57.0,60.0
bird1,0.9999912,58.0,61.0
fragul,0.012002391,58.0,61.0
yetvir,0.014926739,58.0,61.0
blujay,0.014191145,58.0,61.0
amerob,0.017419029,58.0,61.0
fiespa,0.011367468,58.0,61.0
sonspa,0.038926356,58.0,61.0
yebcha,0.9999132,58.0,61.0
comyel,0.99988157,58.0,61.0
scatan,0.034426607,58.0,61.0
norcar,0.104517795,58.0,61.0
indbun,0.03853256,58.0,61.0
bird1,0.9997207,59.0,62.0
fragul,0.013881118,59.0,62.0
reevir1,0.024105193,59.0,62.0
carwre,0.013524468,59.0,62.0
normoc,0.03947478,59.0,62.0
amerob,0.014958196,59.0,62.0
amegfi,0.032534633,59.0,62.0
fiespa,0.022242548,59.0,62.0
sonspa,0.015483762,59.0,62.0
eastow,0.050506555,59.0,62.0
yebcha,0.9999842,59.0,62.0
comyel,0.89672637,59.0,62.0
yelwar,0.011036868,59.0,62.0
scatan,0.04527825,59.0,62.0
norcar,0.06689935,59.0,62.0
bkhgro,0.01598509,59.0,62.0
indbun,0.07941651,59.0,62.0
bird1,0.99995226,60.0,63.0
fragul,0.011244259,60.0,63.0
belvir,0.010795428,60.0,63.0
amecro,0.20880836,60.0,63.0
carwre,0.012598941,60.0,63.0
normoc,0.015381763,60.0,63.0
amerob,0.018561803,60.0,63.0
amegfi,0.022650357,60.0,63.0
fiespa,0.060014684,60.0,63.0
eastow,0.034060854,60.0,63.0
yebcha,0.9999985,60.0,63.0
comyel,0.73195714,60.0,63.0
yelwar,0.018969206,60.0,63.0
norcar,0.689626,60.0,63.0
indbun,0.6100449,60.0,63.0
paibun,0.017105494,60.0,63.0
bird1,0.99985015,61.0,64.0
fragul,0.01781353,61.0,64.0
amecro,0.1388972,61.0,64.0
carwre,0.014266048,61.0,64.0
normoc,0.0163703,61.0,64.0
amegfi,0.014593177,61.0,64.0
fiespa,0.034414116,61.0,64.0
sonspa,0.019632597,61.0,64.0
eastow,0.040938973,61.0,64.0
yebcha,0.999946,61.0,64.0
rewbla,0.020279987,61.0,64.0
comyel,0.7278493,61.0,64.0
yelwar,0.019655596,61.0,64.0
norcar,0.6787123,61.0,64.0
indbun,0.88280267,61.0,64.0
bird1,0.9999128,62.0,65.0
reevir1,0.01041589,62.0,65.0
amecro,0.18165094,62.0,65.0
carwre,0.028892064,62.0,65.0
normoc,0.010456956,62.0,65.0
fiespa,0.024772609,62.0,65.0
eastow,0.032567203,62.0,65.0
yebcha,0.9992184,62.0,65.0
comyel,0.06281649,62.0,65.0
norcar,0.709348,62.0,65.0
indbun,0.98783755,62.0,65.0
varbun,0.01028055,62.0,65.0
paibun,0.013804618,62.0,65.0
bird1,0.9963356,63.0,66.0
norbob,0.0216081,63.0,66.0
eawpew,0.016789032,63.0,66.0
whevir,0.025631195,63.0,66.0
carwre,0.028448815,63.0,66.0
grycat,0.021685276,63.0,66.0
brnthr,0.028451463,63.0,66.0
normoc,0.053607054,63.0,66.0
chispa,0.013719829,63.0,66.0
fiespa,0.051190823,63.0,66.0
sonspa,0.024062915,63.0,66.0
eastow,0.10617056,63.0,66.0
yebcha,0.9523127,63.0,66.0
rewbla,0.05326146,63.0,66.0
bnhcow,0.016306601,63.0,66.0
comgra,0.01121974,63.0,66.0
comyel,0.026658248,63.0,66.0
prawar,0.014614378,63.0,66.0
norcar,0.08348348,63.0,66.0
blugrb1,0.010504044,63.0,66.0
indbun,0.96959746,63.0,66.0
bird1,0.99913096,64.0,67.0
logshr,0.029271232,64.0,67.0
amecro,0.5500919,64.0,67.0
carwre,0.010990207,64.0,67.0
grycat,0.0110371085,64.0,67.0
normoc,0.02214824,64.0,67.0
fiespa,0.01603621,64.0,67.0
yebcha,0.8301782,64.0,67.0
rewbla,0.08480155,64.0,67.0
comyel,0.016053164,64.0,67.0
norcar,0.044411696,64.0,67.0
indbun,0.9788946,64.0,67.0
varbun,0.1755684,64.0,67.0
paibun,0.011390052,64.0,67.0
bird1,0.99981284,65.0,68.0
norbob,0.017299382,65.0,68.0
reevir1,0.011303981,65.0,68.0
amecro,0.8129465,65.0,68.0
tuftit,0.12918301,65.0,68.0
carwre,0.07404226,65.0,68.0
grycat,0.022427455,65.0,68.0
normoc,0.021182735,65.0,68.0
amerob,0.024594974,65.0,68.0
amegfi,0.014315989,65.0,68.0
fiespa,0.022548642,65.0,68.0
sonspa,0.013097311,65.0,68.0
eastow,0.01660796,65.0,68.0
yebcha,0.6083674,65.0,68.0
orcori,0.012266982,65.0,68.0
balori,0.08180551,65.0,68.0
rewbla,0.078739904,65.0,68.0
comyel,0.02073931,65.0,68.0
sumtan,0.021787463,65.0,68.0
norcar,0.033670984,65.0,68.0
indbun,0.9750238,65.0,68.0
bird1,0.9998204,66.0,69.0
norbob,0.0102843745,66.0,69.0
reevir1,0.015589668,66.0,69.0
amecro,0.7586983,66.0,69.0
tuftit,0.092888154,66.0,69.0
carwre,0.017946348,66.0,69.0
grycat,0.011040304,66.0,69.0
normoc,0.02240514,66.0,69.0
amerob,0.020413628,66.0,69.0
amegfi,0.018484205,66.0,69.0
fiespa,0.039622396,66.0,69.0
rucspa1,0.011553531,66.0,69.0
sonspa,0.014053105,66.0,69.0
yebcha,0.06699949,66.0,69.0
balori,0.03162072,66.0,69.0
rewbla,0.017671924,66.0,69.0
comyel,0.014471207,66.0,69.0
chswar,0.012744156,66.0,69.0
sumtan,0.053739723,66.0,69.0
norcar,0.02264301,66.0,69.0
indbun,0.9309503,66.0,69.0
bird1,0.99988747,67.0,70.0
amecro,0.8327885,67.0,70.0
carchi,0.022392824,67.0,70.0
tuftit,0.049210843,67.0,70.0
carwre,0.010526831,67.0,70.0
grycat,0.017937006,67.0,70.0
normoc,0.010334569,67.0,70.0
amerob,0.039664533,67.0,70.0
amegfi,0.012161363,67.0,70.0
sonspa,0.017287225,67.0,70.0
yebcha,0.09883386,67.0,70.0
balori,0.036213942,67.0,70.0
rewbla,0.013994097,67.0,70.0
comyel,0.49091148,67.0,70.0
norcar,0.023433587,67.0,70.0
robgro,0.012771122,67.0,70.0
indbun,0.87239456,67.0,70.0
dickci,0.014018039,67.0,70.0
bird1,0.99989724,68.0,71.0
amecro,0.5080081,68.0,71.0
grycat,0.021679685,68.0,71.0
fiespa,0.013681929,68.0,71.0
sonspa,0.014027454,68.0,71.0
yebcha,0.79953545,68.0,71.0
rewbla,0.05784507,68.0,71.0
comyel,0.91862404,68.0,71.0
norcar,0.17048204,68.0,71.0
indbun,0.97603506,68.0,71.0
dickci,0.012034375,68.0,71.0
bird1,0.99955034,69.0,72.0
whtswi,0.010981265,69.0,72.0
burowl,0.039985765,69.0,72.0
eurkes,0.011197887,69.0,72.0
rufhor2,0.01192943,69.0,72.0
weskin,0.013897268,69.0,72.0
belvir,0.021225475,69.0,72.0
yetvir,0.036342315,69.0,72.0
plsvir,0.0276067,69.0,72.0
reevir1,0.015793629,69.0,72.0
normoc,0.017969972,69.0,72.0
amerob,0.11269356,69.0,72.0
houspa,0.056820225,69.0,72.0
yebcha,0.32903323,69.0,72.0
wesmea,0.01690858,69.0,72.0
orcori,0.08904714,69.0,72.0
bulori,0.06639273,69.0,72.0
rewbla,0.2536831,69.0,72.0
bnhcow,0.068199106,69.0,72.0
comyel,0.8684164,69.0,72.0
sumtan,0.020432238,69.0,72.0
scatan,0.050222766,69.0,72.0
indbun,0.022628335,69.0,72.0
bird1,0.9998821,70.0,73.0
comnig,0.03767061,70.0,73.0
limpki,0.012213493,70.0,73.0
fragul,0.018753007,70.0,73.0
roahaw,0.019638164,70.0,73.0
burowl,0.5368786,70.0,73.0
rufhor2,0.08358647,70.0,73.0
yebela1,0.028121041,70.0,73.0
olsfly,0.40699455,70.0,73.0
grekis,0.016585087,70.0,73.0
yetvir,0.013060467,70.0,73.0
casvir,0.011063021,70.0,73.0
reevir1,0.013820585,70.0,73.0
normoc,0.012141466,70.0,73.0
amerob,0.022136701,70.0,73.0
sonspa,0.010917382,70.0,73.0
yebcha,0.44487995,70.0,73.0
rewbla,0.033305116,70.0,73.0
comyel,0.9506231,70.0,73.0
norcar,0.0125789605,70.0,73.0
indbun,0.013101403,70.0,73.0
bird1,0.9987442,71.0,74.0
bbwduc,0.025611095,71.0,74.0
fuwduc,0.011765195,71.0,74.0
comnig,0.011913316,71.0,74.0
limpki,0.0124801,71.0,74.0
roahaw,0.16335693,71.0,74.0
litowl1,0.010169168,71.0,74.0
burowl,0.39040324,71.0,74.0
rufhor2,0.024217548,71.0,74.0
yebela1,0.090905584,71.0,74.0
larela1,0.0131024085,71.0,74.0
olsfly,0.034415863,71.0,74.0
grekis,0.033712495,71.0,74.0
coukin,0.019747676,71.0,74.0
yetvir,0.014220835,71.0,74.0
plsvir,0.0104926005,71.0,74.0
houwre4,0.010449296,71.0,74.0
normoc,0.0351449,71.0,74.0
yebcha,0.09081062,71.0,74.0
rewbla,0.013113876,71.0,74.0
sumtan,0.0152390795,71.0,74.0
norcar,0.017453471,71.0,74.0
bird1,0.9997499,72.0,75.0
norbob,0.010845,72.0,75.0
whwdov,0.01256072,72.0,75.0
moudov,0.010802758,72.0,75.0
burowl,0.017940223,72.0,75.0
gilwoo,0.05478948,72.0,75.0
gofwoo,0.012480334,72.0,75.0
rebwoo,0.13600473,72.0,75.0
labwoo,0.010814668,72.0,75.0
monpar,0.012613909,72.0,75.0
rufhor2,0.2610196,72.0,75.0
grekis,0.011135766,72.0,75.0
whevir,0.016337445,72.0,75.0
chivir1,0.021115335,72.0,75.0
verdin,0.02042369,72.0,75.0
houwre,0.0146212075,72.0,75.0
houwre4,0.032468993,72.0,75.0
carwre,0.011692872,72.0,75.0
normoc,0.060392875,72.0,75.0
amerob,0.025585117,72.0,75.0
crbthr1,0.01486295,72.0,75.0
houspa,0.011820732,72.0,75.0
comcha,0.03364862,72.0,75.0
fiespa,0.07478955,72.0,75.0
rucspa1,0.019493064,72.0,75.0
yebcha,0.515927,72.0,75.0
rewbla,0.018839879,72.0,75.0
bnhcow,0.010459301,72.0,75.0
comyel,0.011812013,72.0,75.0
norcar,0.06728351,72.0,75.0
bkhgro,0.013286103,72.0,75.0
blugrb1,0.019035509,72.0,75.0
indbun,0.06641772,72.0,75.0
paibun,0.025609547,72.0,75.0
whcsee1,0.014590413,72.0,75.0
gobsal1,0.015241363,72.0,75.0
bird1,0.99963236,73.0,76.0
whwdov,0.014181383,73.0,76.0
whtswi,0.026898153,73.0,76.0
rinkin1,0.010189655,73.0,76.0
dowwoo,0.034931667,73.0,76.0
labwoo,0.17706987,73.0,76.0
rufhor2,0.010028145,73.0,76.0
grekis,0.011545223,73.0,76.0
whevir,0.012396749,73.0,76.0
belvir,0.01481596,73.0,76.0
houwre,0.019224511,73.0,76.0
houwre4,0.01634426,73.0,76.0
carwre,0.012768376,73.0,76.0
bewwre,0.011305916,73.0,76.0
normoc,0.049751464,73.0,76.0
amerob,0.035983536,73.0,76.0
lesgol,0.010910928,73.0,76.0
fiespa,0.01290373,73.0,76.0
rucspa1,0.014369857,73.0,76.0
sonspa,0.014539091,73.0,76.0
eastow,0.01121929,73.0,76.0
yebcha,0.9313295,73.0,76.0
orcori,0.012211187,73.0,76.0
rewbla,0.25298548,73.0,76.0
bnhcow,0.17178603,73.0,76.0
grtgra,0.015333134,73.0,76.0
comyel,0.060077254,73.0,76.0
yelwar,0.025847752,73.0,76.0
sumtan,0.014365028,73.0,76.0
norcar,0.051620413,73.0,76.0
bkhgro,0.026748372,73.0,76.0
indbun,0.036953535,73.0,76.0
paibun,0.026777918,73.0,76.0
whcsee1,0.2125443,73.0,76.0
bird1,0.99919003,74.0,77.0
whwdov,0.012962648,74.0,77.0
whevir,0.023544995,74.0,77.0
belvir,0.015601704,74.0,77.0
carwre,0.01361411,74.0,77.0
normoc,0.07338033,74.0,77.0
woothr,0.017739562,74.0,77.0
lesgol,0.020575821,74.0,77.0
fiespa,0.07475533,74.0,77.0
sonspa,0.011153571,74.0,77.0
eastow,0.08884588,74.0,77.0
yebcha,0.99753773,74.0,77.0
rewbla,0.015808973,74.0,77.0
comyel,0.07451118,74.0,77.0
sumtan,0.012801869,74.0,77.0
norcar,0.054949585,74.0,77.0
blugrb1,0.07366317,74.0,77.0
indbun,0.6312165,74.0,77.0
varbun,0.08314175,74.0,77.0
paibun,0.066785306,74.0,77.0
whcsee1,0.1000303,74.0,77.0
bird1,0.9999328,75.0,78.0
barant1,0.020539977,75.0,78.0
blujay,0.023458244,75.0,78.0
carwre,0.010098793,75.0,78.0
normoc,0.34131044,75.0,78.0
fiespa,0.03907782,75.0,78.0
sonspa,0.017147481,75.0,78.0
eastow,0.022870928,75.0,78.0
yebcha,0.9996372,75.0,78.0
comyel,0.088006206,75.0,78.0
prawar,0.020723045,75.0,78.0
norcar,0.04345839,75.0,78.0
blugrb1,0.011745265,75.0,78.0
indbun,0.9929264,75.0,78.0
paibun,0.021782,75.0,78.0
bird1,0.9997059,76.0,79.0
norbob,0.016484542,76.0,79.0
normoc,0.121653356,76.0,79.0
fiespa,0.03125791,76.0,79.0
yebcha,0.99993455,76.0,79.0
orcori,0.016401486,76.0,79.0
rewbla,0.018055847,76.0,79.0
comyel,0.21042223,76.0,79.0
prawar,0.011259193,76.0,79.0
norcar,0.046324488,76.0,79.0
blugrb1,0.04782115,76.0,79.0
indbun,0.99593216,76.0,79.0
varbun,0.015712284,76.0,79.0
bird1,0.99827015,77.0,80.0
norbob,0.10996106,77.0,80.0
blujay,0.04497038,77.0,80.0
carwre,0.016500046,77.0,80.0
grycat,0.0120397,77.0,80.0
brnthr,0.012779506,77.0,80.0
normoc,0.019038148,77.0,80.0
amerob,0.016588626,77.0,80.0
fiespa,0.032461643,77.0,80.0
eastow,0.10747331,77.0,80.0
yebcha,0.9927092,77.0,80.0
rewbla,0.018666157,77.0,80.0
comyel,0.058752872,77.0,80.0
prawar,0.01669563,77.0,80.0
norcar,0.019728329,77.0,80.0
indbun,0.986846,77.0,80.0
bird1,0.9888703,78.0,81.0
norbob,0.3781306,78.0,81.0
carwre,0.010572244,78.0,81.0
grycat,0.028912798,78.0,81.0
amerob,0.02480049,78.0,81.0
yebcha,0.059538182,78.0,81.0
boboli,0.011708367,78.0,81.0
rewbla,0.040958047,78.0,81.0
comyel,0.04295998,78.0,81.0
norcar,0.023285223,78.0,81.0
blugrb1,0.014255234,78.0,81.0
indbun,0.9817597,78.0,81.0
bird1,0.6294034,79.0,82.0
houfin,0.0128420405,79.0,82.0
amegfi,0.015629753,79.0,82.0
rewbla,0.014408011,79.0,82.0
botgra,0.036974873,79.0,82.0
comyel,0.04907606,79.0,82.0
norcar,0.015010588,79.0,82.0
blugrb1,0.024180692,79.0,82.0
